ID	group	Odoribacter splanchnicus	Bacteroides uniformis	Monoglobus pectinilyticus	Fusicatenibacter saccharivorans	Alistipes shahii	Desulfovibrio simplex	Gemmiger formicilis	Oleidesulfovibrio alaskensis	Ruminococcus gnavus	Phocaeicola dorei	Oscillibacter valericigenes	Bifidobacterium longum	Lachnoclostridium pacaense	Neglectibacter timonensis	Enterocloster clostridioformis	Hydrogenophilus thermoluteolus	Anaerostipes hadrus	Bacteroides fragilis	Blautia luti	Blautia faecis
SRR3143900	Health	0.616521573	9.093191152	0.032131417	1.534275186	0	0	0.501049292	0	0	1.456958962	0.05321766	0.537197136	0.010041068	0.037151951	0	0	1.651755681	0.383568796	0.649657098	0.664718699
SRR3143933	Health	0.84008987	7.264091042	0	0.98173293	0.116000781	0	0.808342288	0	0	2.378626551	0.180717007	0.192927616	0.009768487	0	0	0	1.125818111	0.453013578	0.404171144	0.476213734
SRR3143944	Health	0.609975136	0	0.081705676	0.033104886	0	0	0.859318321	0	0.172568023	0	0.346544766	0.095088503	0.120445437	0.657871567	0.110584407	0	0.1366457	2.839976615	1.137540237	0.77268213
SRR3143946	Health	0.353914214	21.61184843	0	0.061550298	0.850163493	0	0.184650894	0	1.945245881	0	0.20516766	0.170545618	0.064114894	0.362890299	0.16285183	0	1.943963583	0	0.437263576	1.852920433
SRR3143947	Health	0.479838663	42.11569443	0	0	0.206307444	0	0.340754993	0	0.343073054	0	0.273531218	0.063746682	0	0.326846625	0.035929948	0	1.417494408	0.009272245	0.097358569	0.766119218
SRR3143948	Health	0.300870067	22.93673746	0	0.084734835	0.875593297	0	0.202012759	0	1.000239468	0	0.234555848	0.077980609	0.027630925	0.230257704	0.11236576	0	0.414463868	0.058331952	0.651475798	1.021116167
SRR3143949	Health	0.359646263	30.55770641	0	0.008150624	1.08810824	0	0.066223816	0	0.534884669	0	0.195614965	0.076412096	0.014263591	0.038715462	0.031583666	0	0.413644144	0.018338903	0.455416089	0.560355367
SRR3143950	Health	0.403839648	16.31850474	0	0.056030108	0.714648173	0	0.11417456	0	0.384810555	0	0.200862652	0	0.04017253	0.072944858	0.10254567	0	0.190290934	0.43344046	0.297065291	0.546557848
SRR3144042	Health	0.538298386	22.49308669	0	0.03758692	0.699385185	0	0.331570328	0	0.684618895	0	0.096652079	0.135581389	0.652401536	0	0.089940129	0	1.240368352	0.01476629	0.307407308	1.668590759
SRR3144056	Health	1.519802211	7.777674115	0.020058777	1.790828941	0.111955964	0	1.849139339	0	0.022391193	0.48654196	1.63828894	0.693660494	0.010729113	0.295283855	0.087232355	0	1.527732425	0	0.046648318	0.593366609
SRR3144066	Health	0.77523575	6.747121616	0.032470607	0.723823955	0.403176708	0	0.469470864	0	0	0.386941404	0.906471121	0.179941282	0.004058826	0.320647247	0	0	0.496529704	0	0.032470607	0.169117747
SRR3144068	Health	0.783302345	5.111257722	0	0.087566725	0.521801715	0	0.155940743	0	0	0.27589516	0.759311462	0.098362622	0	0.097163078	0	0	0.233911114	0	0	0.008396809
SRR3144071	Health	1.825970067	14.69684009	0.023797426	0.750905267	0.098083986	0	1.130056149	0	0.105480483	1.510814965	1.953640041	0.745759878	0.01929521	0.051453894	0.208709858	0	1.242289956	0.002251108	0.074929733	0.518397983
SRR3144090	Health	1.196097925	5.804181683	0.032620852	1.634926059	0.102522679	0	1.199204673	0	0.037280974	1.370852492	0.4706723	2.430253511	0	0.034174226	0.087765627	0	1.653566547	0.017087113	0.159997515	0.510283335
SRR3145342	Health	0.169193894	0.622941154	0.074342771	2.473819809	0.097414666	0	0.358896138	0	0.080751631	2.876296192	0.36658677	0.335824243	0.346078419	0.041016701	0.094851122	0	1.864978146	0.349923735	0.661394311	0.651140136
SRR3145357	Health	0.931369354	1.049772969	0.002824306	1.857090095	0.205088097	0	0.203784571	0	0.204653588	1.118642595	0.442329836	0.131438875	0.32392622	0.042147342	0.126442026	0	2.028721024	0.869669122	0.702817789	0.354993591
SRR3145358	Health	1.034457096	2.970653172	0.011163206	1.703009104	0.228225546	0	0.50358463	0	0.133958473	1.227952668	0.812433331	0.140160254	0.543276029	0.022326412	0.104189923	0	1.772469053	0.943911091	0.449008955	0.321252264
DRR100563	Health	0	1.378000682	0.822905001	3.296489263	0	0	0.608657545	0.034084823	0.282417101	0	0	0	0	0.116862249	0	0	2.040220091	0	3.335443346	1.124799143
DRR100572	Health	0.265200517	18.82276843	0.103492885	0.533635188	0	0	0	1.733505821	0.132600259	0	0	0	0	0.837645537	0.161707633	0	0.520698577	0	0.119663648	1.801423027
SRR13174100	Health	0.148400332	29.4443717	2.169263672	0.29025359	0.82056654	0	0.432106848	0.122212038	0	6.758762167	0.318624242	0	0.111300249	0.115664964	0.030553009	0	0.12002968	0	0.224782855	0.067653092
SRR13174088	Health	0.228388998	15.03069745	1.037573674	0.986001965	0.881630648	0	0.477652259	0.563605108	0.13629666	0	0.56237721	0	0.022102161	0.112966601	0.057711198	0	0.144891945	0	0.135068762	0.040520629
SRR13174066	Health	0.112456105	16.92888743	0.718233803	0.328881062	2.714860119	0	0.309784742	1.493756564	0.027583573	2.047549836	0.44982442	0	0.020157226	0	0.020157226	0	0.043497173	0	0.136856958	0.099725225
SRR13174095	Health	0	19.03481867	0.441120722	0.243535399	0	0	0.178056542	0	0.406658166	0	0	0	0	0.062032602	0.227452872	0	0.374493113	0	0.127511459	0.049396331
SRR15400843	Health	0.209019508	1.091018495	0.114010641	0.435457309	0	0	1.312705853	0	0.077590575	3.862110464	0	0	0	0.061755764	0.09817583	0	0.044337471	0	0.194768178	0.079174056
SRR15400845	Health	0.132592725	10.67908977	0.809890701	0.469449919	0.516036553	0	0.243683928	0.347607956	0	0	0	0	0	0	0	0	0.301021322	0	0.125425551	0.103924028
SRR15400848	Health	0	16.31803946	1.712273964	0.710970898	2.142057015	0	1.95231237	0	0	0.39777793	0.39320577	0	0	0.356628489	0.070868482	0	0.809272341	0	0.532656654	0.096015362
SRR15400849	Health	0	0	0	0	0	0	0	0	1.712534151	7.556473646	0	0	0	0.196574932	0.772972613	0	0.872925968	0	0	1.922436196
SRR15400851	Health	0.067260804	16.67227173	0.197578611	3.463931394	0.151336808	0	5.095005885	1.378846477	0	1.206490668	1.118210863	0	0.067260804	0.504456028	0	0	0.36573062	0	0.159744409	0
ERR4837018	UC	0	1.632653061	0	0	0	0	0	0	0	0	0	0	0	0	0	0	0	38.7755102	0	0
ERR4837020	UC	0	6.809421842	0	0.299785867	0	0	0	0	0	0	0	0	0	0	0	0	2.312633833	2.483940043	2.184154176	0
ERR4837022	UC	0	5.412719892	0	3.337843933	0	0	0	0	0	0	0	0	0	0	0	0	0	7.262065855	2.074875959	0
ERR4837023	UC	0	8.253836582	0	0	0	0	0	0	0	0	0	0	0	0	0	0	1.631411586	0	0	0
ERR4837024	UC	0	8.030669895	0	1.452784504	0	0	0	0	0	0	0	0	0	0	0	0	0	0.564971751	3.188054883	0
ERR4837040	Health	0	41.99451052	0	0.274473925	0	0	0	0	0	0	0	0	0	0	0	0	1.463860933	0	2.470265325	0
ERR4837041	Health	0	17.97207043	0	0	0	0	0	0	0	0	0	0	0	0	0	0	2.064359441	0.182149362	0	0
ERR4837042	Health	0	3.602305476	0	2.521613833	0	0	0	0	0	0	0	0	0	0	0	0	1.080691643	0.576368876	2.95389049	0
ERR4837044	Health	0	14.58581054	0	1.030519223	0	0	0	0	0	0	0	0	0	0	0	0	1.149425287	1.664684899	0	0
ERR4837045	Health	0	55.04971219	0	0.41862899	0	0	0	0	0	0	0	0	0	0	0	0	0	4.238618524	0.680272109	0
SRR064846	UC	0	0	0	0	0	1.058587333	0	0	0	0	0	0	0	0	0	0	0	0	0	0
SRR064848	UC	0	0	0	0	0	0	0	0	0	0	0	0	0	0	0	0	0	0	0	0
SRR064849	UC	0	0	0	0	0	0.799050633	0	0	0	0	0	0	0	0	0	0	0	0	0	0
SRR064851	UC	0	0	0	0	0	0	0	0	0	0	0	0	0	0	0	0	0	0	0	0
SRR064852	UC	0	0	0	0	0	0.395208853	0	0	18.19784763	0	0	0	0	0	4.070651183	0	0	0	0	0
SRR064854	UC	0	0	0	0	0	0	0	0	16.80863146	0	0	0	0	0	0	0	0	0	0	0
SRR064855	UC	0	0	0	0	0	0.17947314	0	0	9.338687108	0	0	0	0	0	3.260935694	0	0	0	0	0
SRR064857	UC	0	0	0	0	0	0	0	0	9.554219108	0	0	0	0	0	0	0	0	0	0	0
SRR064858	UC	0	0	0	0	0	0.289975145	0	0	0.921706711	0	0	0	0	0	1.988400994	0	0	0	0	0
SRR064860	UC	0	0	0	0	0	0	0	0	1.629412694	0	0	0	0	0	0	0	0	0	0	0
SRR064863	UC	0	0	0	0	0	0	0	0	16.75317813	0	0	0	0	0	0.113449165	0	0	0	0	0
SRR064864	UC	0	0	0	0	0	0.100816287	0	0	9.343393281	0	0	0	0	0	0.871573059	0	0.796773879	0	0	0
SRR064866	UC	0	0	0	0	0	0	0	0	11.44162256	0	0	0	0	0	0.221556641	0	0	0	0	0
SRR064867	UC	0	0	0	0	0	0.09231213	0	0	5.206981105	0	0	0	0	0	0.193278523	0	3.706908986	0	0	0
SRR064869	UC	0	0	0	0	0	0	0	0	5.215321599	0	0	0	0	0	0.060887856	0	0	0	0	0
SRR064873	UC	0	0	0	0	0	0	0	0	1.033447684	0	0	0	0	0	0.248713551	0	1.968267581	0	0	0
SRR064875	UC	0	0	0	0	0	0	0	0	5.492622804	0	0	0	0	0	0.150868131	0	0	0	0	0
SRR064876	UC	0	0	0	0	0	0.223620676	0	0	2.924879284	0	0	0	0	0	0.108841922	0	1.292250455	0	0	0
SRR064878	UC	0	0	0	0	0	0	0	0	6.199538263	0	0	0	0	0	0.010434737	0	0	0	0	0
SRR064879	UC	0	0	0	0	0	0.138087889	0	0	7.830395581	0	0	0	0	0	0.251807327	0	2.190452982	0	0	0
SRR064880	UC	0	0	0	0	0	0	0	0	12.97280996	0	0	0	0	0	0.044443739	0	0	0	0	0
SRR064883	UC	0	0	0	0	0	0.057802514	0	0	10.09231887	0	0	0	0	0	0.282406566	0	1.82986243	0	0	0
SRR064884	UC	0	0	0	0	0	0	0	0	13.22897968	0	0	0	0	0	0.061750556	0	0	0	0	0
SRR064885	UC	0	0	0	0	0	0	0	0	0	9.393362406	0	0	0	0	2.561267735	0	0	0	0	0
SRR064886	UC	0	0	0	0	0	0	0	0	0	0	0	0	0	0	1.491596909	0	0	0	0	0
SRR064887	UC	0	0	0	0	0	0	0	0	0	9.509428216	0	0	0	0	3.186728591	0	0	0	0	0
SRR064888	UC	0	0	0	0	0	0	0	0	0	0	0	0	0	0	1.540882565	0	0	0	0	0
SRR064889	UC	0	0	0	0	0	0	0	0	0	13.54174895	0	0	0	0	5.814045343	0	0	0	0	0
SRR064890	UC	0	0	0	0	0	0	0	0	0	0	0	0	0	0	1.24436266	0	0	0	0	0
SRR064907	UC	0	0	0	0	0	0	0	0	0.110208018	5.87718694	0	0	0	0	0.182532029	0	0	2.140446342	0	0
SRR064908	UC	0	0	0	0	0	0	0	0	0.181567607	0	0	0	0	0	0.010937808	0	0	0	0	0
SRR064909	UC	0	0	0	0	0	0	0	0	0	1.240292106	0	0	0	0	0.2318303	0	0	1.344615741	0	0
SRR064911	UC	0	0	0	0	0	0.029261485	0	0	14.9661242	22.67990186	0	0	0	0	2.446710334	0	0	14.46867896	0	0
SRR064912	UC	0	0	0	0	0	0	0	0	36.77002653	0	0	0	0	0	3.990566291	0	0	0	0	0
SRR064913	UC	0	0	0	0	0	0	0	0	12.08963002	24.27190087	0	0	0	0	2.692374501	0	0	14.63146315	0	0
SRR064914	UC	0	0	0	0	0	0	0	0	29.12961012	0	0	0	0	0	3.178082192	0	0	0	0	0
SRR064915	UC	0	0	0	0	0	0.059482813	0	0	14.8644418	27.4716674	0	0	0	0	2.075637092	0	0	13.04238933	0	0
SRR064916	UC	0	0	0	0	0	0	0	0	27.70745021	0	0	0	0	0	2.319842053	0	0	0	0	0
SRR1008737	UC	0	0	0	0	0	0	0	0	0	0	0	0	0	0	0	0	0	0	0	0
SRR1008760	UC	0	0	0	0	0	0	0	0	0	0	0	0	0	0	0	0	0	0	0	0
SRR1008761	UC	0	0	0	0	0	0	0	0	0	0	0	0	0	0	0	0	0	0	0	0
SRR1008762	UC	0	0	0	0	0	0	0	0	0	0	0	0	0	0	0	0	0	0	0	0
SRR1008945	UC	0	0	0	0	0	0	0	0	0	0	0	0	0	0	0	0	0	0	0	0
SRR1008954	UC	0	0	0	0	0	0	0	0	0	0	0	0	0	0	0	0	0	0	0	0
SRR1008955	UC	0	0	0	0	0	0	0	0	0	0	0	0	0	0	0	0	0	0	0	0
SRR1008956	UC	0	0	0	0	0	0	0	0	0	0	0	0	0	0	0	0	0	0	0	0
SRR1009053	UC	0	0	0	0	0	0	0	0	0	0	0	0	0	0	0	0	0	0	0	0
SRR1009062	UC	0	0	0	0	0	0	0	0	0	0	0	0	0	0	0	0	0	0	0	0
SRR1009063	UC	0	0	0	0	0	0	0	0	0	0	0	0	0	0	0	0	0	0	0	0
SRR1009064	UC	0	0	0	0	0	0	0	0	0	0	0	0	0	0	0	0	0	0	0	0
SRR5218336	UC	0	4.045770331	0	0	0	0	2.98324479	0	0	17.817736	0	1.512055578	0	0	0	0	0	0	0	0
SRR5218340	UC	0	0	0	0	0	0	0	0	0	26.58697444	0	0.893102501	0	0	0	0	2.047265732	0	0	0
SRR5548014	UC	0	0	0	0	0	1.036502929	0	0	0	0	0	0	0	0	0	0	0	0	0	0
SRR5548021	UC	0	0	0	0	0	0.83512931	0	0	0	0	0	0	0	0	0	0	0	0	0	0
SRR5548023	UC	0	0	0	0	0	0	0	0	0	0	0	0	0	0	0	0	0	0	0	0
SRR5548024	UC	0	0	0	0	0	0.417251052	0	0	18.58695652	0	0	0	0	0	4.211079944	0	0	0	0	0
SRR5548026	UC	0	0	0	0	0	0.140992852	0	0	13.44787636	0	0	0	0	0	2.131287298	0	0	0	0	0
SRR5548027	UC	0	0	0	0	0	0.421743205	0	0	11.94939082	0	0	0	0	0	6.021555764	0	0	0	0	0
SRR5548029	UC	0	0	0	0	0	0.494880546	0	0	13.94197952	0	0	0	0	0	6.723549488	0	0	0	0	0
SRR5548030	UC	0	0	0	0	0	0.246158437	0	0	10.1894674	0	0	0	0	0	4.184693421	0	0	0	0	0
SRR5548031	UC	0	0	0	0	0	0.18906901	0	0	9.582997794	0	0	0	0	0	3.354224292	0	0	0	0	0
SRR5548033	UC	0	0	0	0	0	0.071163122	0	0	6.774333834	0	0	0	0	0	1.911520519	0	0	0	0	0
SRR5548034	UC	0	0	0	0	0	0.295787979	0	0	1.017510648	0	0	0	0	0	1.98769522	0	0	0	0	0
SRR5548036	UC	0	0	0	0	0	0.139133661	0	0	0.910861701	0	0	0	0	0	1.35052407	0	0	0	0	0
SRR5548039	UC	0	0	0	0	0	0	0	0	10.79692161	0	0	0	0	0	0.114060816	0	3.077135193	0	0	0
SRR5548045	UC	0	0	0	0	0	0	0	0	8.195841717	0	0	0	0	0	0.281690141	0	3.648558015	0	0	0
SRR5548046	UC	0	0	0	0	0	0.108777194	0	0	9.763690923	0	0	0	0	0	0.918979745	0	0.862715679	0	0	0
SRR5548051	UC	0	0	0	0	0	0.099665409	0	0	5.349896775	0	0	0	0	0	0.213568734	0	3.911867303	0	0	0
SRR5548054	UC	0	0	0	0	0	0.044175773	0	0	3.181818182	0	0	0	0	0	0.077888863	0	3.421297373	0	0	0
SRR5548066	UC	0	0	0	0	0	0	0	0	1.134062373	0	0	0	0	0	0.273390036	0	2.151680842	0	0	0
SRR5548070	UC	0	0	0	0	0	0.249764253	0	0	3.10931009	0	0	0	0	0	0.119784897	0	1.276856029	0	0	0
SRR5548075	UC	0	0	0	0	0	0.141616314	0	0	7.933660624	0	0	0	0	0	0.261203424	0	2.287890232	0	0	0
SRR5548076	UC	0	0	0	0	0	0.059482813	0	0	5.915409179	0	0	0	0	0	0.158099055	0	0.745100495	0	0	0
SRR5548081	UC	0	0	0	0	0	0.069264456	0	0	10.2086871	0	0	0	0	0	0.399946376	0	1.829922245	0	0	0
SRR5548084	UC	0	0	0	0	0	0.021372545	0	0	7.176900554	0	0	0	0	0	0.194490158	0	0.057705871	0	0	0
SRR5548107	UC	0	0	0	0	0	0	0	0	0	0	0	0	0	0	0	0	0	0	0	0
SRR5548108	UC	0	0	0	0	0	0	0	0	0	9.432967033	0	0	0	0	2.589010989	0	0	0	0	0
SRR5548109	UC	0	0	0	0	0	0	0	0	0	0	0	0	0	0	2.519671117	0	0	0	0	0
SRR5548121	UC	0	0	0	0	0	0	0	0	0	9.732451453	0	0	0	0	3.286832452	0	0	0	0	0
SRR5548122	UC	0	0	0	0	0	0	0	0	0	0	0	0	0	0	2.460642942	0	0	0	0	0
SRR5548123	UC	0	0	0	0	0	0	0	0	0	13.64525808	0	0	0	0	6.057311823	0	0	0	0	0
SRR5548125	UC	0	0	0	0	0	0	0	0	0	0	0	0	0	0	1.501214217	0	0	0	0	0
SRR5548168	UC	0	0	0	0	0	0	0	0	0	0	0	0	0	0	0	0	0	0	0	0
SRR5548169	UC	0	0	0	0	0	0	0	0	0.106535546	5.951649252	0	0	0	0	0.196681008	0	0	2.169637369	0	0
SRR5548170	UC	0	0	0	0	0	0	0	0	0.12425816	6.715504451	0	0	0	0	0.242952522	0	0	2.522255193	0	0
SRR5548171	UC	0	0	0	0	0	0	0	0	0	1.288088643	0	0	0	0	0.263157895	0	0	1.398891967	0	0
SRR5548172	UC	0	0	0	0	0	0	0	0	0.496797982	0.943139918	0	0	0	0	0.143605667	0	0	0.104793324	0	0
SRR5548173	UC	0	0	0	0	0	0.029664788	0	0	14.98566202	22.99021062	0	0	0	0	2.469593592	0	0	14.43686344	0	0
SRR5548174	UC	0	0	0	0	0	0	0	0	16.61301365	22.8008332	0	0	0	0	2.635067224	0	0	14.21683588	0	0
SRR5548175	UC	0	0	0	0	0	0	0	0	12.33395324	24.48193411	0	0	0	0	2.703241233	0	0	14.23352816	0	0
SRR5548176	UC	0	0	0	0	0	0	0	0	12.72456728	23.75981969	0	0	0	0	2.157596446	0	0	13.24755465	0	0
SRR5548177	UC	0	0	0	0	0	0.067688545	0	0	16.82169527	26.52299227	0	0	0	0	2.257740513	0	0	12.43722433	0	0
SRR5548179	UC	0	0	0	0	0	0.0119782	0	0	13.19598331	29.15094528	0	0	0	0	1.461340361	0	0	13.61122757	0	0
SRR5548181	UC	0	0	0	0	0	0.053741771	0	0	14.52371356	13.21375789	0	0	0.409781002	0	0.799408841	0	0.288862018	9.344350396	0	0
SRR5548182	UC	0	0	0	0	0	0.070288887	0	0	15.14725522	14.19132635	0	0	0.393617769	0	0.745062206	0	0.484993323	8.413579813	0	0
SRR5548183	UC	0	0	0	0	0	0.075709779	0	0	12.23974763	9.255520505	0	0	0.315457413	0	1.003154574	0	0.454258675	8.90851735	0	0
SRR5548184	UC	0	0	0	0	0	0.037551633	0	0	11.97897109	21.44198273	0	0	0.725998248	0	1.101514583	0	0.200275379	17.3738891	0	0
SRR5548186	UC	0	0	0	0	0	0.04629201	0	0	13.68391816	9.795389316	0	0	0.296268864	0	1.036941024	0	0.259235256	10.89713915	0	0
SRR5548187	UC	0	0	0	0	0	0.048590865	0	0	14.69387755	14.86880466	0	0	0.379008746	0	0.777453839	0	0.242954325	8.921282799	0	0
SRR5548188	UC	0	0	0	0	0	0.07910697	0	0	17.13105388	9.686209018	0	0	0.351586534	0	0.835018019	0	0.395534851	8.095279951	0	0
SRR5548221	UC	0	0	0	0	0	0	0	0	0	0	0	0	0	0	0	0	0	0	0	0
SRR5548279	UC	0	0	0	0	0	0	0	0	0	0	0	0	0	0	0	0	0	0	0	0
SRR5548281	UC	0	0	0	0	0	0	0	0	0	0	0	0	0	0	0	0	0	0	0	0
SRR5548300	UC	0	0	0	0	0	0	0	0	0	0	0	0	0	0	0	0	0	0	0	0
SRR5548357	UC	0	0	0	0	0	0	0	0	2.547599893	0	0	0	0	0	1.555376777	0	0	0	0	0
SRR5548364	UC	0.743678731	0	0.16526194	1.867459924	0	2.131879028	0	0	3.8671294	29.81325401	0	0	0.710626343	0	0.313997686	0	0.859362089	0	0.297471492	0.41315485
SRR5548438	UC	0	0	0	0	0	0	0	0	0	0	0	0	0	0	0.024533857	0	0	0	0	0
SRR5548440	UC	0	0	0	0	0	0	0	0	0.085907138	0	0	0	0	0	0	0	0	0.269993864	0	0
SRR5548442	UC	0	0	0	0	0	0	0	0	0.093142391	0	0	0	0	0	0.098963791	0	0	0.797531727	0	0
SRR5548443	UC	0	0	0	0	0	0	0	0	0.166243766	0	0	0	0	0	0.174993438	0	0	0	0	0
SRR5548444	UC	0	0	0	0	0	0.740346859	0	0	0.368128272	17.87467277	0	0.139070681	0	0	11.56331806	0	0	31.68766361	0	0
SRR5548445	UC	0	0	0	0	0	0.740649303	0	0	0.555486977	12.20219726	0	0	0	0	17.39908653	0	0	13.43661276	0	0
SRR5548446	UC	0	0	0	0	0	0.762735805	0	0	0.251106438	16.41294454	0	0.078470762	0	0	9.896732477	0	0	30.41526727	0	0
SRR5548447	UC	0	0	0	0	0	0.492863744	0	0	0.313173837	15.11448814	0	0	0	0	12.76825136	0	0	25.01796899	0	0
SRR5548448	UC	0	0	0	0	0	1.555203952	0	0	0.281711882	17.00690773	0	0.158221742	0	0	9.933238143	0	0	35.50727434	0	0
SRR5548449	UC	0	0	0	0	0	1.003415884	0	0	0.704526046	15.33945346	0	0	0	0	17.42100769	0	0	10.57856533	0	0
SRR5548450	UC	0	0	0	0	0	1.577212806	0	0	0.376647834	20.21539548	0	0.323681733	0	0	10.25188324	0	0	39.2596516	0	0
SRR5548451	UC	0	0	0	0	0	0.550964187	0	0	0.464538432	16.01037109	0	0	0	0	11.64587047	0	0	26.60292767	0	0
SRR5548452	UC	0	0	0	0	0	0.246723207	0	0	0.67848882	15.96761758	0	0	0	0	21.21819584	0	0	11.95065536	0	0
SRR5548455	UC	0	0	0	0	0	2.071810816	0	0	0.349786242	9.220006577	0	0.026906634	0	0	10.18565577	0	0	28.59876229	0	0
SRR5548456	UC	0	0	0	0	0	0.979338349	0	0	0.489669175	7.536128031	0	0	0	0	26.90791831	0	0	17.16230742	0	0
SRR5548457	UC	0	0	0	0	0	2.147341984	0	0	0.309753035	10.66973629	0	0	0	0	11.05483466	0	0	32.57429887	0	0
SRR5548458	UC	0	0	0	0	0	0.398706086	0	0	0.376137817	7.658165952	0	0	0	0	18.97239148	0	0	27.02926352	0	0
SRR5548459	UC	0.377078985	0	0	0	0	1.636253451	0	0	0.535317487	2.589051242	0	1.033600431	0	0	14.22463134	0	0	4.609117231	0	0
SRR5548460	UC	0.676467935	0	0	0	0	0.595291783	0	0	0.929015965	2.44430414	0	0	0	0	20.00541174	0	0	2.002345089	0.441959051	0
SRR5548461	UC	0.303810845	0	0	0	0	1.737005482	0	0	0.587807939	3.335314708	0	0.706690443	0	0	15.56039892	0	0	5.032692689	0	0
SRR5548462	UC	0.499775742	0	0	0	0	0.416479785	0	0	0.749663612	3.030691356	0	0	0	0	16.67200615	0	0	4.318574998	0.249887871	0
SRR5548463	UC	0.534596662	0	0	0	0	1.321279555	0	0	0.67367872	3.563977747	0	0.74321975	0	0	9.388038943	0	0	7.301808067	0	0
SRR5548464	UC	0.696594427	0	0	0	0	0.636394909	0	0	1.14379085	2.407980736	0	0	0	0	13.99208806	0	0	2.502579979	0.326797386	0
SRR5548465	UC	0.440547661	0	0	0	0	1.403705783	0	0	0.643545113	4.034034466	0	0.734246102	0	0	9.946875135	0	0	7.912581523	0	0
SRR5548466	UC	0.456341098	0	0	0	0	0.517640648	0	0	0.980792808	3.173954502	0	0	0	0	11.89892385	0	0	5.462471053	0.306497752	0
SRR5548467	UC	0.281531532	0	0	0.049268018	0	0.415259009	0	0	7.545045045	2.371903153	0	0	0	0	7.003096847	0	0	4.047015766	0.175957207	0
SRR5548470	UC	0.419089775	0	0	0	0	1.553928378	0	0	0.306076802	4.160290067	0	0.103595225	0	0	16.69531232	0	0	6.491182634	0	0
SRR5548471	UC	0.576122298	0	0	0	0	0.444926131	0	0	0.68450174	1.990759227	0	0	0	0	21.7443386	0	0	2.549768981	0.165421254	0
SRR5548472	UC	0.812026391	0	0	0	0	1.44029681	0	0	0.423513764	3.675119441	0	0.089252901	0	0	15.89401656	0	0	5.71568576	0	0
SRR5548473	UC	0.429653933	0	0	0	0	0.374970705	0	0	0.531208499	3.257558003	0	0	0	0	20.18592297	0	0	5.546441684	0.124990235	0
SRR5548474	UC	0.112866817	0	0	0	0	0.586907449	0	0	1.478555305	21.25282167	0	0.349887133	4.571106095	0	2.708803612	0	4.334085779	9.176072235	0	0
SRR5548475	UC	0.345966347	0	0	0.110080201	0	0.15725743	0	0	1.714105992	17.0624312	0	0	0	0	3.695549615	0	4.411070923	4.646957069	2.752005032	0
SRR5548476	UC	0.126995646	0	0	0	0	0.526124819	0	0	1.505805515	23.6030479	0	0.562409289	5.17053701	0	2.793904209	0	3.809869376	9.633526851	0	0
SRR5548477	UC	0.184096443	0	0	0.118771899	0	0.142526278	0	0	1.407446998	21.88966091	0	0	0	0	2.52984144	0	3.272165806	7.928024229	1.728131124	0
SRR5548478	UC	0.246622346	0	0	0	0	0.493244692	0	0	0.450353849	26.61376796	0	0.332404032	4.471370362	0	1.83358353	0	3.05597255	9.875616556	0	0
SRR5548479	UC	0.453690384	0	0	0.099590572	0	0.154918668	0	0	0.663937147	20.90295452	0	0	0	0	3.120504592	0	3.762310501	4.691822507	1.770499059	0
SRR5548480	UC	0.145032632	0	0	0	0	0.531786319	0	0	0.410925792	27.94295383	0	0.483442108	3.577471598	0	1.88542422	0	2.707275804	10.92579164	0	0
SRR5548481	UC	0.193710854	0	0	0	0	0.103312456	0	0	0.413249822	28.0041325	0	0	0	0	2.188932653	0	2.234131853	8.807386841	1.265577581	0
SRR5548482	UC	0.051282051	0	0	0.025641026	0	0	0	0	5.042735043	3.427350427	0	0	0	0	0.333333333	0	1.256410256	10.94871795	0.145299145	0
SRR5548485	UC	0.280984461	0	0	0	0	0.663529571	0	0	0.504417888	29.8960696	0	0	1.811164901	0	1.157791394	0	1.540336504	15.13253665	0	0
SRR5548486	UC	0.249287749	0	0	0.040700041	0	0.249287749	0	0	0.768213268	19.81583232	0	0	0	0	1.724664225	0	0.696988197	6.863044363	1.475376475	0
SRR5548487	UC	0.433934338	0	0	0	0	0.491119483	0	0	0.487755651	26.06633477	0	0.01681916	2.035118407	0	1.13361141	0	1.422900969	13.62688375	0	0
SRR5548488	UC	0.222251275	0	0	0	0	0.124199242	0	0	0.470649758	27.95790299	0	0	0	0	1.523074912	0	0.725585044	12.14537848	1.078572362	0
SRR5548489	UC	0	0	0	1.11416115	0	0.645890522	0	0	0	34.78120459	0	0	0	0	1.324075569	0	3.487808816	0	1.324075569	0
SRR5548491	UC	0.265101307	0	0	1.079341034	0	0.889982958	0	0	0	30.88430222	0	0	0	0	1.249763302	0	2.253361106	0	0.984661996	0
SRR5548493	UC	0.338513617	0	0.215417757	1.554085244	0	1.0617018	0	0	0	30.82012617	0	0	0	0	0.938605939	0	2.41575627	1.215571626	3.015848592	1.492537313
SRR5548501	UC	0	0	0.357507661	2.681307457	0	0.408580184	0	0	0.995914198	23.46782431	0	0	0	0	0	0	2.860061287	0	1.302349336	0.536261491
SRR5548503	UC	0.292587776	0	0	2.812093628	0	0.520156047	0	0	0	32.37971391	0	0	0	0	0	0	2.94213264	0	1.072821847	0.585175553
SRR5548508	UC	0.224719101	0	0	1.441947566	0	0.561797753	0	0	0	34.96254682	0	0	0	0	0.205992509	0	1.348314607	0	0.486891386	0.374531835
SRR5548510	UC	0	0	0.165061898	0.866574966	0	0.426409904	0	0	0	22.04951857	0	0	0	0	0.165061898	0	1.691884457	0	0.632737276	0.233837689
SRR5548513	UC	0.851445216	0	0	2.151019494	0	0.627380686	0	0	4.593322877	26.50683397	0	0	0.761819404	0	0.201658078	0	1.926954963	0	0.739412951	0.58256778
SRR5548515	UC	0	0	0	0	0	0	0	0	4.880089236	0	0	0	0	0	4.517568321	0	0	0	0	0
SRR5548796	UC	0	0	0	0	0	0	0	0	0	0	0	0	0	0	0	0	1.625239006	8.317399618	4.206500956	1.242829828
SRR5548822	UC	0	0	0	2.337381916	0	0.658569501	4.512820513	0	0	0	0	0.232118758	0	0	0.291497976	0	1.4682861	3.487179487	0	0
SRR5548824	UC	0	0	0	2.750597956	0	0.478364862	5.419656447	0	0	0	0	0.255490324	0	0	0.331593825	0	1.717764731	3.09306371	0	0
SRR5548826	UC	0	0	0	1.391736564	0	0.621310966	3.982603293	0	0	0	0	0	0	0	0.173967071	0	1.217769494	3.796210003	0	0
SRR5548828	UC	0	0	0	1.699779249	0	0.132450331	3.421633554	0	0	0	0	0	0	0	0.165562914	0	1.236203091	3.802428256	0	0
SRR5548830	UC	0	0	0	0.603241515	0	0.923032197	2.282142598	0	0	0	0	0	0	0	0.683189185	0	1.221018969	4.070063231	0	0
SRR5548831	UC	0	0	0.142789148	0.237981913	0.104712042	0.24750119	0	0	0	0	0	0	0.352213232	0	0	0	0	2.560685388	0	0.095192765
SRR5548832	UC	0	0	0	1.756306738	0	0.652342503	3.891245837	0	0	0	0	0.187035263	0	0	0.228091784	0	1.441540076	4.57552119	0	0
SRR5548834	UC	0	0	0	0.287332038	0	1.242288515	1.698639398	0	0	0	0	0	0	0	0.447899941	0	1.090171554	3.202907124	0	0
SRR5548835	UC	0	0	0.204542249	0.416137678	0.148116801	0.726477641	0	0	0	0	0	0	0.684158556	0	0.14106362	0	0	3.498377768	0.162223163	0.098744534
SRR5548836	UC	0	0	0	2.461139896	0	0.259067358	2.639248705	0	0	0	0	0	0	0	0	0	1.635362694	4.841321244	0	0
SRR5548838	UC	0	0	0	1.5480717	0	0.366648561	3.775122216	0	0	0	0	0	0	0	0	0	0.678978816	4.182509506	0	0
SRR5548844	UC	0.195062891	3.578395103	0	2.360933611	0.147978745	0.417031008	0.894598776	0	0	0	0	0	0.329589023	0.867693549	0	0	0.686083272	0	0	0
SRR5548846	UC	0.411729263	4.348262703	0	3.082948383	0.180759189	0.63265716	1.154850372	0	0	0	0	0	0.592488451	1.656959229	0	0	1.636874874	0	0	0
SRR5548848	UC	0.382950383	4.245754246	0	2.430902431	0.141525142	0.524475524	1.040626041	0	0	0	0	0	0.407925408	2.389277389	0	0	1.506826507	0	0	0
SRR5548850	UC	0.182080267	5.105834155	0	0.955921402	0.341400501	0.842121235	0.682801001	0	0	0	0	0	0.364160534	1.130414991	0	0	0.37933389	0	0	0
SRR5548852	UC	0.165331298	3.929797787	0	2.658018568	0.127177922	0.228920259	1.513417271	0	0	0	0	0	0.40696935	1.055576752	0	0	0.991987791	0	0	0
SRR5548866	UC	0.235947259	4.351145038	0	1.85981957	0.305343511	0.80499653	0.742539903	0	0	0	0	0	0.291464261	1.603053435	0	0	0.714781402	0	0	0
SRR5548868	UC	0.782137	0	0.126151129	2.535637694	0.3910685	0.857827678	0	0	0	0	0	0	1.513813549	0	0	0	0	0	0.971363694	1.059669484
DRR100552	UC	0	0.728256346	0	0.678318768	0	0	0	0	1.872659176	0	0	0	0	0	0.170620058	0	0.453599667	0	0	0.203911777
DRR100553	UC	0	0.489165589	0	0.533635188	0	0	0	0	6.169146184	0	0	0	0	0	0.145536869	0	0.380012937	0	0	0
DRR100554	UC	0	0.642050907	0	2.079239592	0	0	0	0	1.754786821	0	0	0	0	0	0.12109857	0	0.411278161	0	0	0.153086871
DRR100555	UC	0.151443445	10.81874113	0.037860861	0	0	0	0	0	0	34.9361098	0	0	0	0	1.751064837	0	0	0	0.624704212	0.28395646
DRR100556	UC	0	0	0	0	0	0	0	0	0	0	0	0	0	0	0	0	0	0	0	0
DRR100557	UC	0	0.207612457	0	0	0	0	0	1.038062284	1.038062284	0	0	0	0	0	0	0	1.418685121	0	0.415224913	0
DRR100559	UC	0	0.0697134	0	0	0	0	0	0	0	0	0	0	0	0	0	0	10.57319907	0	0.061967467	0
DRR100560	UC	0	0.802383628	0.036590784	1.5707901	0.086249706	0	2.577036669	0	0.271817255	0	0	0	0.12284049	0	0.493975589	0	1.792948433	7.60565589	0.096704216	0.075795196
a206643	UC	0	2.701026666	0	0	0	0	0	0	0.065458554	24.48149935	0	0.068903741	0	0.137807483	8.850685592	0	0	0	0	0
a206644	UC	0	6.941823254	0	0	0	0	0	0	0	28.97349635	0	0	0	0.073849184	2.83088537	0	0	0	0	0
a206675	UC	0	2.503496503	0.531468531	0.559440559	0.895104895	0	0	0.307692308	0	0	0.167832168	0	0	0	0	0	0	0	0	0.335664336
a206677	UC	0	0.050667117	0	0	0	0	0	0	0.202668468	0	0	0	0	0	0	0	0.354669819	0	0	0
a206678	UC	0	0.435744453	0	0.268150432	0	0	0	0.013407522	0.362003084	0	0	0	0	0	0	0	0.348595562	0	0.690487363	0.362003084
a206683	UC	0	0.52982259	0.280966525	0.36927029	0	0	0.254207808	0	0.248856065	4.589119906	0	0	0.663616173	0	0	0	0.69037489	0	0.088303765	0.425463595
a206684	UC	0	1.266612916	0.970116258	1.438268876	0	0	0.665817056	0	0.12223985	5.924731462	0	0	0.84527556	0	0.08582798	0	0.364118703	0	0.046815262	0.057218653
a215003	Health	0	0.367197062	3.50877193	0.78879369	0	0	0.625594995	2.271181831	0	0	0	0	0	0	0.122399021	0	1.495988032	4.841561268	0	0.122399021
a215004	Health	0	2.684563758	2.013422819	2.768456376	0	0	0	1.761744966	0	0	0	0	0	0	0	0	1.258389262	2.348993289	0	0
a215007	Health	0.346776265	2.029283329	0	0.192653481	0	0	0.915104033	0	0.394939635	0	0	0	0.115592088	0	0.372463396	0	1.223349602	13.95453378	0.125224762	0
a215008	Health	0.339569878	2.084026899	0	0.552633331	0	0	0.359544577	0	0.725747387	0	0	0	0.106531726	0	0.399493974	0	0.506025701	14.78793528	0.113189959	0.033291165
a215009	Health	0.259705489	0.401606426	1.215528782	0.179384203	0.878179384	0	1.780455154	0.299866131	0	0.862115127	0.797858099	0	0.203480589	0	0	0	0.157965194	15.97590361	0.168674699	0.385542169
a215010	Health	0.214092312	0.255021724	2.23222719	0.229834393	0.916189157	0	2.610037151	0.374661545	0	0.736729425	1.221585542	0	0.447075121	0.028335747	0	0	0.29280272	11.10761287	0.201498646	0.399848876
a215048	Health	0.616417455	1.708880073	1.922490082	0.610314312	0.29295087	0	1.141287763	0.421116875	0	0	0.091547147	0	0.329569728	0.122062862	0	0	1.3304852	0	0.830027464	0.073237717
a215055	Health	0	5.134824014	0.031394984	11.88125719	0	0	0	1.405797607	6.233648446	0	0	0.666271322	0.327903164	0.024418321	0	0	3.955767956	0	0	0.488366414
a215056	Health	0	2.694883684	0.02774145	16.74394642	0.047556771	0	0	0.511235287	1.993421313	0	0	0.344786589	0.225894662	0.035667578	0	0	5.401656561	0	0	0.447826259
a215074	Health	0	0	0.648570742	0.256225478	0.144126832	0	1.697493795	0.160140924	1.889662903	36.1518136	0	0	1.193049884	0	0	0	12.6351189	0	0.112098647	0.472415726
a215077	Health	0	0	0.225976245	0.082674236	0.140546201	0	1.694821837	0.391324717	0.239755284	43.33783449	0	0	1.196020613	0	0.118499738	0	10.19924491	0	0.088185852	0.575963844
a215080	UC	0.015357209	1.698507279	0.53135942	0.688002949	0	0	1.446649057	0.036857301	1.474292033	1.753793231	0	2.942441182	0	0.064500276	0.37164445	0	2.208366607	5.089378954	0.399287426	0.420787518
a222170	Health	0.577586207	1.301724138	0	0.387931034	0.224137931	0	0.060344828	0.577586207	0	33.93965517	0	0	0.120689655	0	0.043103448	0	0	0	0.25	0.431034483
a222171	Health	0.789951425	2.198125705	0	0.318924488	0.137382857	0	0.058878367	0.667288161	0	28.97306315	0	0	0.171728571	0	0.058878367	0	0	0	0.196261224	0
a224844	Health	0.092583068	0.200596646	0.756095052	1.167575352	0.149161609	0	0.874395638	0.617220451	0	6.434523197	0	0.498919864	0.745808044	0	0	0	0.900113157	0	0.180022631	0.036004526
a224845	Health	0.032133676	0.112467866	1.673628963	2.626928021	0.125856898	0	0.447193659	0.318658955	0	7.037275064	0	0	0.832797772	0	0	0	0.974721508	0	0.230291345	0.224935733
SRR5578912	Health	1.436986213	6.388763027	0.653763998	0.304226811	0.485468315	0	2.058385656	0.666709819	0	1.068030293	0	0	0	0	0.129458217	0	0.453103761	13.23710273	1.443459124	1.262217619
SRR5578920	Health	1.173804405	1.603811959	0.749607763	2.521936196	0.48230577	0	0.958800628	0.337032948	0.098785519	0	0	3.288976698	0	0	0.069730955	0	3.509791388	0	3.626009646	0.40095299
SRR5578935	Health	0.27100271	0	1.606186794	2.134972569	1.863969859	0	0.152025911	0.066098222	2.809174433	6.404917708	0	1.064181374	0	0.522175953	0.145416088	0	0.257783066	0	0.634542931	2.009385948
SRR5578939	Health	0	0	0.998244844	5.320315928	0	0	0	0	4.091706889	11.66081615	0	0	0	0.383940325	0.197455024	0	0.745941202	0	2.523036419	0.899517332
SRR5578943	Health	0	0	0.336722139	3.96943599	0	0	0	0	0.336722139	0	0	0	0	2.007381985	0.323771288	0	0	4.584601438	0.051803406	0
SRR5578954	Health	0	7.024822446	0.203923775	0.288306026	0.548484635	0	2.018142184	0	0.14766894	9.598481119	0	0	0	0	0.14766894	0	0	0	5.639547149	1.659517615
SRR5578955	Health	0	3.20964592	0	0	0.424556339	0	0	0.110384648	0	6.342871699	0	1.698225355	0.161331409	2.326568736	0.356627324	0	0.645325635	0.959497325	0	3.693640146
SRR5578958	Health	0.613086612	0	0.65767473	0.780292052	0	0	0	0	0	16.60907368	0	0	0	0.100323264	0	0	0	0	1.527143016	2.552669714
SRR5578959	Health	0.22750119	0.322734247	0.306862071	1.095180149	0.280408444	0	0.100523782	0.084651606	0	0	0.708957198	0.264536268	0	0	0.544944712	0	0.195756838	19.22120523	0.06877943	0.867678959
SRR5578964	Health	0.709823964	3.293583191	0.857467348	1.175468484	0.579216354	0	0.550823396	0.124929018	1.663827371	8.47245883	0.23282226	0	0.221465077	0	0	0	0.851788756	0	0.93128904	0.289608177
SRR5578966	Health	0.443640184	8.289066604	0.221820092	0	0	0	0	0.48450178	1.021539898	0	0	0	0.367754363	0	0.099235304	0	11.42957212	0	0	0.075885821
SRR5578985	Health	0	0	0.28738892	3.270939686	0	0	0	0.068065797	1.18358858	0	0.022688599	0	0	0.08319153	0.090754396	0	0	0.748723766	0	0
SRR5578988	Health	0.166347833	4.305636419	0.155257978	0.510133356	0.063766669	0	0.338240594	0.410324656	0.634894231	0	0.013862319	1.804873992	0.013862319	0.121988411	0.091491308	0	1.477723253	1.852005878	2.500762428	0.415869583
SRR5578990	Health	0	4.215618521	0.425017277	0.127850726	0.310988252	0	0.590877678	0.224602626	0	7.826537664	0	0.241879751	0.228058051	0	0.100207326	0	8.106427091	0.07601935	1.285418106	0.601243953
SRR5579002	Health	0	0	1.790650162	1.640427833	0	0	0	0	0.048071145	0	0	0.012017786	0.252373513	0	0.090133397	0	0.540800385	0	0	1.958899171
SRR5579006	Health	0.510754214	2.287043868	2.445945179	1.764939561	0	0	0.544804495	0.573179729	0.48237898	0	0	0	0	0	0.068100562	0	1.759264514	0.170251405	3.921457352	1.152034504
SRR5579012	Health	0	3.048003728	0.161565947	5.325462172	0	0	0	0	0	0.711511574	0	0	0	0	0.472269691	0	0.099425198	0	0	12.89420538
SRR5579021	Health	0.208732694	1.111821086	0.664536741	0.617678381	0.481363152	0	0.242811502	0.068157614	0	2.215122471	0.579339723	0	0.072417465	0	0	0	0.332268371	0.106496273	1.388711395	0.477103301
SRR5579026	Health	0	4.922526151	0.374783241	2.215136768	0	0	0	0.240532528	0.167813392	0	0	2.142417632	0	0	0.290876545	0	6.544722269	1.308944454	0	3.921239582
SRR5579045	Health	0.611348528	5.424976258	0.682573599	0	0.225546059	0	0	0	0.219610636	0	0	1.151471985	0.385802469	0	0	0	3.027065527	1.276115859	0	1.098053181
SRR5579051	Health	0	3.105814373	0	1.939844193	0	0	0	0	1.408450704	5.654439457	0	4.926997885	0	0	0	0	2.90976629	0.283753805	4.947634525	0.232162204
SRR5579057	Health	0.64984882	4.873866149	0.997337425	2.170675572	0.753644118	0	0	0	0.573130556	0	0	0	0	0.058666907	0.5550792	0	3.325962363	0	0	0
SRR5579061	Health	0	0	0.537354828	0.372681574	0.567689374	0	0	0	1.347720575	0	0	0	0.108337667	0	0	0	9.161033108	2.049748657	2.530767897	0.684694054
SRR5579062	Health	0.430874378	6.054527895	0.31201248	0.497734195	0	0	1.857217146	0.267439269	0.111433029	0	0.044573211	0.423445509	0	0	0	0	2.250947181	0.393730035	2.295520392	0.393730035
SRR5579063	Health	0	9.219774378	0.059063257	1.943181147	0	0	1.080857598	0.330754238	0.023625303	0	1.328923277	0	0	0	0	0	3.915893922	0	3.37251196	1.636052212
SRR5579067	Health	0.634891424	31.82738314	0	1.536621273	0	0	0	0.533676849	0.561280824	0	0	0	0	0	0.726904674	0	2.318733898	0	0	0.285241075
SRR5579068	Health	0	4.12204579	0.346196455	0.503138848	0.346196455	0	1.320162482	0	2.040251108	0	0	7.814807976	0.060007386	0	0.263109306	0	3.775849335	0	4.075886263	0.267725258
SRR5579069	Health	0	0	0.743801653	5.985832349	0	0	0.141676505	0	0.082644628	0	0	0.141676505	0	0	0.118063754	0	5.796930342	5.950413223	0	0
SRR5579074	Health	0	4.305159861	1.741057297	3.762492651	0	0	0	0	0.741645186	0	0.963234297	0	0.036177814	0	0.085922308	0	4.757382535	0	2.446524669	4.526748971
SRR5579075	Health	1.441506374	6.00477499	0.509031938	0.040542367	1.076625073	0	0.445966035	0.220730664	2.846975089	0	0.810847335	0	0.031532952	0.040542367	0	0	0.351367179	0	0.108112978	1.220775711
SRR5579086	Health	0	11.46464278	0	0	0	0	0	0	4.232649785	9.596438736	0	0.07297672	0	1.298985624	1.255199591	0	0.780850909	0	0	0
SRR5579094	Health	0.123298228	2.337528898	0.128435654	0.904187002	0	0	0.750064218	0.3339327	0.205497046	14.95504752	0.323657847	0.595941433	0	0	0.539429746	0	2.378628307	0	1.597739532	0.714102235
SRR5579095	Health	0	6.423942051	0.476553565	0.552802135	0.876858559	0	0	0.276401067	0.085779642	0	0	0.114372856	0	0	0.266869996	0	3.46930995	0	0.181090355	0.857796416
SRR5579098	Health	0.238080703	0.848544045	0	0.579940175	0.555521641	0	0.164825102	0.238080703	0.146511202	0	0	0	0	0.787497711	0.170929736	0	0.299127037	0	0.323545571	0.170929736
SRR5579105	Health	0	0	2.273226444	0.472216121	0	0	0	0.614979135	0.291016912	9.312541182	0	2.174390512	0	0	0.049417966	0	3.508675599	0	3.695365693	0.41730727
SRR5579109	Health	0	2.615222235	0.91474141	2.849771315	0	0	0.949923772	0.199366717	0.25214026	0	0	4.245338337	0	0	0.146593175	0	5.722997537	0	1.776709276	1.935029905
SRR5579115	Health	0	4.973544974	1.375661376	0	0	0	0	0.740740741	4.17989418	0	0	5.026455026	0	0	0.317460317	0	7.354497354	0	1.058201058	0.899470899
SRR6505416	Health	0	0.450499349	0	0	0.141120278	0	0.445071646	0	0.719170647	0	0.116695614	0	0	0	0.07327399	0.206252714	0	1.204950065	0	0.043421624
SRR6505417	Health	0.007767895	0.392278712	0.015535791	0	0	0	0.038839476	0	1.798267759	0	0	0	0	0	0	0	0.937973356	0.087388822	0.592302016	0.200023304
SRR6505425	UC	0	0.301878354	0	0	0	0	0	0.313059034	0.259950805	2.59950805	0	0	0.561829159	0	4.17877907	0	0	2.496086762	0	0
SRR6505426	UC	0.750623882	1.047336464	0.245622998	0.172918591	0.514825804	0.172918591	0.080564343	0.746693914	0.677919475	0	0.703464267	0.074669391	0.092354247	0	0.163093671	0	0	5.873337132	0.167023639	0.133618911
SRR6505427	UC	0	0.099515264	0.568200058	0.237552567	0	0	0.426952586	0	0	0	0	1.40605438	0	0	0.211871208	1.05614587	0	0.073833906	0.414111907	0
SRR6505428	Health	0	4.807572859	0	0	0	0	1.234813287	0.576411836	0.472061418	0	0	0	0	0	1.053442322	0	0.027329872	10.18161942	0.022360804	0.288205918
SRR6505429	Health	0	0	0	1.011541953	0	0	0	0.289011987	1.752598329	0	0	0	0	0	0.922615188	0	0	2.175000463	0	0.07966356
SRR6505430	Health	0.084400755	0.543640155	0.762089167	0.399662397	0.029788502	0	0.037235627	0.176248635	0.084400755	0.168801509	0.598252408	0	0	0	0	0	0	0.099295005	0	0.059577003
SRR6505431	Health	0.167584391	0.572398633	0	0	0	0	0.385226457	0	3.251572464	0	0	0	0	0	0.104468192	0	0.13276166	2.065423205	0.235053431	0.021764207
SRR6505433	UC	0	4.352319154	0	0.07690459	0	0	0	0	1.348233598	8.139870224	0.019226148	0.141792838	1.304974766	0.533525595	0.497476568	0.266762797	0.336457582	0.374909877	0.048065369	0.74260995
SRR6505447	UC	0	0	0.014236902	0	0	0	0	0.005338838	4.516657175	62.7936361	0.014236902	0.270501139	0	0	0	0	0	0	0	0
SRR6505453	UC	0.006776139	0.86282836	0	0.736340433	0	0	0.070020103	0.056467825	0.289115262	1.346192939	0	0.054209112	3.722359	0	0.112935649	0.539832403	0.883156777	0.799584397	0.383981208	0.594041515
SRR6505456	UC	0.009401147	1.57625897	0	0.128482342	0	0	0	0.112813763	0.040738303	0.889975244	0	0	5.051549622	0	0.037604588	0.206825233	0.272633261	1.472846354	0.05013945	0.115947479
SRR6505468	UC	0	0.029707088	0	0	0	0	0.029707088	0	9.737983483	0.044560632	0	0	0	0	0	0	0	33.3462064	0	0
SRR6505469	UC	0	1.897668842	0.025363739	0.325117019	0	0	0.225967857	0	0.401208236	2.829209804	0	0.053033273	0	0	0.122207106	1.408840416	0.083008601	1.032995919	0	0.099149162
SRR6505470	UC	0	0.622064238	0.196775422	0.263425162	0	0	0	0	0.142820871	0	0	0	0	0	0.250729973	0.783927891	0	4.687698362	0	0.085692523
SRR6505471	UC	0	0	0.026970535	0	0	0	0	0	3.930955431	0.525925426	0	0	0	0	0.07416897	0	0	38.26781741	0	0
SRR6505474	UC	0	1.742095618	0.088148646	0.231970122	0	0	0	0	0.013918207	0	0	0	0	0	0.090468348	0	0.051033427	2.683894314	0	0.078869842
SRR6505475	UC	0	0.098215475	0.041616727	0	0	0	0	0.008323345	22.36815821	0.01831136	0	0	0.103209482	0	3.352643494	0.046610734	0	0.10653882	0.014982022	0.01831136
SRR6505476	UC	0	2.762744094	0	0	0	0	0	0	1.832077818	8.388795436	0	0.042053682	0.027426315	0	0	0	0	1.822935713	0	0.016455789
SRR6505477	UC	0	1.457376722	0	0.070983341	0	0	0	0.008872918	1.734655398	7.579689892	0	0	1.858876245	0	5.698631352	0.925001664	0.024400524	13.72640358	0	0.053237506
SRR6505478	UC	0	1.326067784	0	0.27403301	0	0	0.02677334	0.012599219	1.927680484	6.04290034	0	0.039372559	3.486833816	0	4.272710092	0.165364747	0	14.47492755	0.044097266	0.018898828
SRR6505479	UC	0	1.519079553	0.014997965	0	0	0	0	0	1.392668138	5.971332462	0	0.051421593	0.865596812	0	3.653075654	0.434940972	0	17.54761854	0	0
SRR6505502	UC	0	0.097776114	0.012482057	0	0	0	0.049928228	0	5.714701783	0.574174624	0	0	0	0	2.001289813	0.020803428	0	0	0	0
SRR6505507	UC	0	0.028296548	0.030182984	0	0	0	0	0.016977929	0.128277683	13.88228636	0	0	0	0	1.505376344	0	0.007545746	0.21128089	0	0.016977929
SRR6505512	UC	0	0.264144856	0	0.181473565	0	0	0.22583377	0	0.036294713	1.556639916	0	0.078638545	0.667419446	0	0.048392951	0	0.290357705	0.171391701	0.181473565	0.018147357
SRR6505513	UC	0	0.05979252	0	0	0	0.005979252	0.083709528	0	0.020927382	1.159974887	0	0	1.204819277	0	0	0.101647284	0.098657658	8.161678974	0.161439804	0
SRR6505514	UC	0	0.042206625	0	0.014068875	0	0	0.347032249	0	0.054712292	0.697190915	0	0.08441325	0.787856998	0	0	3.373403573	0.326710541	7.773835019	0.275124666	0
SRR6505515	UC	0	0.094765771	0.015794295	0	0	0	0.211643554	0	0.044224026	1.105600657	0	0	2.419686009	0	0	1.503616894	0.186372682	8.430994725	0.691790125	0
SRR6505522	UC	0.219726563	0.87668679	0	0	0	0	0	0	0.031072443	0	0	0.115411932	0	0	0.233043324	0.051047585	0	1.700106534	0.028852983	0.028852983
SRR6505533	UC	0	0	0	0	0	0	0	0	0.47253923	0	0	0	0	0	6.339158345	0	0	37.23698288	0	0
SRR6505548	UC	0	0.172920629	0	0.135454493	0	0	0	0.031702115	0.325667185	0	0	0	5.161680789	0	0.279555018	0	0	7.542221454	0	0.046112168
SRR6505550	UC	0	0.974367978	0.948033708	0.096558989	0.092169944	0	0	0	0.059252107	5.380969101	0	0	1.099455758	0	0.019750702	0.201896067	0.01755618	0.081197331	0.072419242	0.447682584
SRR6505551	UC	0	0.702133978	0.977896568	0.173942557	0.233337576	0	0.040303763	0	0.772135251	3.81400874	0	0	0.502736413	0	0.668193967	0.019091256	0.014848755	0	0.053031267	0.753043995
SRR6505552	UC	0	1.716545051	1.202224437	0.128580154	0.80362596	0	0	0	0	6.245780964	0	0	0.768266418	0	0.067504581	0.035359542	0	0	0	0.096435115
SRR6505553	UC	0	0.061576355	0.452397708	0	0	0	0	0.066602996	2.819945712	18.05066854	0	0	0	0	0.584347039	0.178445763	0	5.766814115	0	0.2500754
SRR6505554	UC	0	0	0	0	0	0	0	0	1.074723044	0.099307057	0	0	3.511056186	0	2.083241382	0.214061879	0.962175045	34.75305645	0	0
SRR6505555	UC	0	0	0.008028259	0	0	0	0	0	3.058766859	0	0	0	2.868764718	0	3.403982017	5.681331621	1.739456219	32.61346607	0	0
SRR6505556	UC	0	0.613441588	0	0	0	0	0	0.403698692	0.886332882	0	0	0	0	0	1.01939558	2.178619756	0	10.50969779	0	0
SRR6505557	UC	0	0	0	0	0	0	0	0	0.777882279	0	0	0	2.120072106	0	1.751704679	0	1.028685634	59.02696136	0	0
SRR6505558	UC	0	0	0	0	0	0	0	0.945579139	0.151292662	0	0	0	0	0	0.562897699	0	0	0.480576692	0	0.022248921
SRR6505559	UC	0	0.619750664	0	0	0	0	0	1.198822713	4.060682922	0	0	0	0	0	3.680218229	0.150750162	0.016750018	9.813117657	0	0
SRR6505560	UC	0	1.038547308	0.273972603	0.101943294	0	0.01592864	0.547945205	0.028671551	1.350748646	3.564829564	0.035043007	0	0	0	0.111500478	1.975151322	0.038228735	0.356801529	0.025485824	0.672188595
SRR6505561	UC	0	0	0	0	0	0	0	0	5.628674213	0	0	0	0	0	1.136263929	0	0	20.11055541	0	0.486970255
SRR6505564	UC	0	0.24834861	0	0	0	0	0	0	0.48645604	1.172615085	0.092170618	0	0	0	0.046085309	0.276511854	0	0.291873624	0	0.102411798
SRR6505565	UC	0	0.428899985	0	0	0	0	0	0.261069556	2.15278785	0	0	0	0	0	1.077429915	0.03522367	0	8.435033048	0	0
SRR6505589	UC	0	2.705822006	0.577071044	0.014961101	0	0	0	0	0.113276909	0.055569804	0	0.299222023	1.630760024	0	0.192357015	0.106865008	0.363341028	4.351543131	0.019235701	0.478755236
SRR6505590	UC	0	1.684191963	1.060335516	0	0	0	0	0	0.379163636	0.037475476	0	0.407821352	2.590216696	0	0.163128541	0.147697463	0.449705707	1.267552851	0.013226638	0.535678857
SRR6505591	UC	0	3.181005507	0.686547951	0.011442466	0	0	0	0	0.054351713	0.044339555	0	0.131588357	6.176070943	0	0.211685618	0.018594007	0.240291783	3.392691125	0	0.193091611
SRR6505592	UC	0	6.055624427	1.584649383	0.336872743	0	0	0	0	0	0.029644801	0	0.274888158	0.636015739	0	0	0	1.444510322	0.487791732	0	0.355737617
SRR6505593	UC	0	1.293900185	0	0	0	0	0.184842884	0	1.362908195	0	0	0.273567468	0	0	0	0.421441774	0	1.390018484	0	0
SRR6505594	UC	0	1.751457788	0.283106566	0.207048086	0	0	0	0.023240091	0.040141976	0	0	0.492267388	0.20493535	0	0.092960365	0.194371672	0	2.264852531	0	2.059917181
SRR6505595	UC	0	1.977249145	0	0.030744399	0	0	0.317051612	0	1.051074132	0	0	0.463087506	0	0	0.269013489	0	0.040352023	5.097805619	0	0.088390146
SRR6505596	UC	0	1.9491645	0.068533188	0.133035012	0	0	0.518030276	0.024188184	1.39686763	1.011872367	0.378948217	0.231803431	0.044345004	0	0.187458427	0.028219548	0.024188184	1.636733789	0.02015682	0.187458427
SRR6505597	UC	0	0	0	0	0	0	0	0	5.065595504	0	0	0	0	0	0.059362447	0	0	19.95369729	0	0
SRR6505598	UC	0	0	0.039231976	0	0	0	0	0	11.99575372	0	0	0	0	0	0	0	0	34.06027878	0	0
SRR6505599	UC	0	1.596172762	0.310739515	0.187785031	0	0	0.203433783	0.167665206	0.152016454	1.656532236	0.020119825	0	0.384512206	0	0.167665206	1.85996602	0	1.178127515	0	0.849503711
SRR6505600	UC	0	1.383420625	0.585154416	0.072241286	0	0	0	0.234784179	0.1011378	0	0	0	0.406357233	0	0.079465414	0.46234423	0	2.927578111	0	0.214917826
SRR6505601	UC	0	0.653139423	0	0	0	0	0	0.021771314	2.022555081	0.093616651	0	0	0.043542628	0	0.302621266	0	0.977532004	6.618479491	0	0
SRR6505603	UC	0	0.288785497	0.123765213	0	0	0	0.036671174	0.123765213	0.158144439	0.999289496	0	0	0	0	0.148976645	0	0.091677935	7.425912768	0	0
SRR6505608	UC	0	0	0	0.099686699	0	0	0	0	1.666191968	3.161492452	0	0	0	0	0	1.612788379	0	0.067644546	0	0
SRR6505628	UC	0.099147333	0.246451942	0.152970171	0.15013739	0	0	0.24078638	0.0594884	0.260615847	1.104784567	0	0	0.056655619	0	0.070819524	0.736523045	0.028327809	0.070819524	0.15013739	0.155802952
SRR6505629	UC	0.02951905	4.429966053	0	0	0	0	0	0.132835726	0.122293209	0	0	0	0.763278301	0	12.53294537	0.010542518	0.02951905	0.044278575	0	0.025302043
SRR6505630	UC	0	0.048279717	0	0	0	0	0	0	1.816841998	0	0	0.12451085	0	0	1.229862276	2.081109925	0.02286934	5.087157595	0	0.010164151
SRR6505631	UC	0	0	0	0	0.892911011	0	0	0	0.325791855	0	0	0	0.082453494	0	6.644544997	0	0.020110608	18.9783811	0.046254399	0
SRR6505632	UC	0.798996482	1.494368847	0.256333342	0.027269505	0	0	0	0	0	0	0	0.043631207	0.684464563	0	0.310872351	0	0.073627662	5.628425732	0	1.906138365
SRR6505633	UC	0.033044197	0.220294644	0.492909266	0.044058929	0.071595759	0.052319978	0.115654688	0.030290514	3.073110285	0.305658819	0.049566295	0.074349442	0.041305246	0	5.617513424	0.154206251	0.088117858	13.52609115	0	0.041305246
SRR6505634	UC	1.172762746	2.073238712	0.248702886	0	0	0	0.008575962	0	0.008575962	0.304446636	0	0	0.54242957	0	0.741820677	0	0.102911539	9.356374083	0	1.123450967
SRR6505635	UC	0.091122931	2.386149314	0.315751552	0	0	0	0	0	0	0.25641569	0	0.01059569	0.31787069	0	0.171650173	0	0.023310517	2.068278624	0	0.271249656
SRR6505636	UC	0	3.169000427	0.05624297	0.048485319	0	0	0.294790737	0	0.288972499	7.918622241	0.031030604	0	3.535549436	0.880493387	0.263760133	0.17648656	0.290911912	0.075637097	0.027151778	0.630309142
SRR6505637	UC	0.314174829	1.228978008	0.286453521	0.034651636	0	0	0	0	0	0	0	0	0.683792275	0	0.187118832	0	0	7.757346147	0	1.071890593
SRR6505639	UC	0	0.043448434	0	0	0	0	0.018294077	0.642579465	0.381888863	0	0	0	0	0	0.439057855	0	0	28.98010519	0	0
SRR6505640	UC	0	14.87669785	0	0	0	0	0	0	0	7.563604606	0	0	0.942290455	0	0.399898876	0	1.241065478	0	0	0.535496771
SRR6505641	UC	0.23083199	0	0	0	0	0	0	0.025869102	0	0.819851551	0	0.306449366	0	0	0.047758343	0.200983026	0.181083716	0.43977474	0	0
SRR6505642	UC	0	0	0	0	0	0	0.021398003	0.347123157	11.31003329	0	0	0	0	0	6.38849263	0.254398478	0	26.11745126	0.019020447	0
SRR6505644	UC	0.193457179	1.046652943	0.079367048	0.039683524	0	0	0.31002753	0.014881321	0.238101143	3.174681912	0	0.158734096	0	0	1.076415586	0.213298941	1.783278355	0.905280389	0	0.161214316
SRR6505645	UC	0	0	0	0	0	0	0	1.37487301	7.753132408	0	0	0	0	0	2.658313579	0.431764307	0	19.43616661	0	0
SRR6505646	UC	0.102013829	0.241810557	0	0	0	0	0	0	1.673782446	0	0	0	0	0	0	0.306041486	0.253145426	2.421883855	0.831223788	0.049117769
SRR6505658	UC	0.848149611	0.555775056	0	0	0	0	0	0	2.091399974	0	0	0.02107204	0	0	0.1580403	0.06848413	0.763861451	9.298037666	0.576847096	0.12643224
SRR6505666	UC	0	1.87168332	0.088444806	0.191232012	0	0	0.693216044	0.031075202	0.15298561	5.600707558	0	0.432662428	0.019123201	0	0.239040015	0.267724817	0.019123201	0.098006406	0.071712005	0.109958407
SRR6505669	Health	0.133076685	0.411111903	0.292293434	0.413488273	0	0	0.373089993	0.099807514	0.34694993	0	0.04039828	0.285164326	0.910149474	0	0	0	0.07842019	1.057484375	0.064161973	0.945795014
SRR6505670	Health	0	0.093223499	0	0	0	0	0	0.149157599	0.445777823	0	0	0	0	0	0.105088308	0	0	0	0	0
SRR6505671	Health	0.904581266	0.213014298	0	0.008754012	0	0	0	0.07878611	4.738838634	0	2.013422819	0.119638167	0.067114094	0	0	0	0.107966151	0	0	0.070032098
SRR6505672	Health	0.442238267	0.3188929	0.04211793	0.321901324	0.255716005	0	0.153429603	0.252707581	3.709386282	0	1.278580024	0.180505415	0.752105897	0	0.153429603	0	0.039109507	0	0.469314079	0.252707581
SRR6505675	Health	0	0.060146758	0.102249489	0.027066041	0	0	1.626969806	0	0.075183448	1.617947793	0.093227475	0	0.24359437	0	0	0	0.063154096	1.515698304	0.162396247	0.255623722
SRR6505676	Health	0.113661634	6.528131254	1.255219787	0.410170245	0.395344815	0.224852363	0.963652986	0.570779076	0.024709051	0	0	0.039534481	0.093894394	0	0.578191792	0	0.284154086	0.496651924	0	0.214968743
SRR6505678	Health	0	10.51397033	0	0.430033345	0	0	0	0.949752788	0.096585029	7.08290215	0	0	0	0	3.056226285	0	0	2.559503277	0	0.027595723
SRR6505679	Health	0.418607951	3.769836577	1.459215287	0.572334035	0.118250834	0	0.068585484	0.754440319	0	0	0	0.0141901	0.054395383	0	0	0	0	0.357117518	0	0.044935317
SRR6505680	Health	0	0	0.022069371	0.182072314	0	0	0	0	0.193107	0	0	0	0.64001177	0	0.62713797	0	0.099312171	51.7508368	0	0
SRR6505690	UC	0.464311342	2.167489764	0	0.272255287	0.050652146	0	0	0	0.742898147	0	0	0	1.219872525	0	0.911738635	0.128740872	0	3.275505466	0	0.126630366
SRR6505691	UC	0	11.74068248	0.021176186	0	0	0	0	0	0.426548887	0	0	0	0	0	7.072846079	0	0	11.86471442	0	0
SRR6505692	UC	0.016295492	6.675719718	0	0.084193373	0	0	0	0	2.072243346	0	0	0	0	0	4.190657251	0.293318848	0	21.17055948	0.024443237	0
SRR6505693	UC	0	11.25380666	0	0.013921517	0	0	0	0	0.737840425	0	0	0	0	0	12.87392326	0.013921517	0	16.52832159	0	0
SRR6505696	UC	0	3.661667056	0	0	0	0	0	0	0.267305938	5.961346713	0	0.125167066	5.583724038	0.129410018	0.063644271	0.260941511	0.133652969	0.110316736	0.016971806	0.54734073
SRR6505697	UC	0.44896082	6.38838396	0.17301417	0.348218392	0.413919975	0	0	0.03942095	0.109502639	0	0	0	0.838790215	0	0.536562931	0	0	0.444580714	0	0.234335647
SRR6505698	Health	0	1.539022142	0.077165456	0.501575461	0.454418794	0	1.005294408	0.585171372	0	4.336269908	0	0	0	0	0.038582728	0	0.038582728	0	0	0
SRR6505699	Health	0	0.387370552	0.038931714	0.842871603	0.114848556	0	1.582574165	0.159620026	0.058397571	4.97547302	0	0.186872226	0.029198785	0.077863428	0.054504399	0.031145371	0.052557814	0.052557814	0.400996652	0.759168419
SRR6505700	Health	0.372769112	0.514379725	0.595597576	0.237406027	0.027072617	0	0.024990108	0.50396718	2.626043858	0.603927612	0.360274058	0	0	0	0	0.179095775	0	0.170765739	0.226993482	0.216580937
SRR6505701	Health	0.363780486	0.454371736	0.788426968	0.227893612	0.043880136	0	0.025478789	0.891757612	3.170693731	0.978102396	0.471357595	0	0	0	0	0.00849293	0.021232324	0.280266678	0.193921893	0.338301697
SRR6505705	Health	0	4.700030937	0.099950025	0.147545275	0	0	0.088051212	0	0.111848837	0	0	0.016658337	0.56162395	0	0.299850075	0	0	0	0	0.054734537
SRR6505706	Health	0	0.356827841	0	0.077513164	0	0	0.216502285	0.057466656	5.598321439	0	0	0	0.089541069	0	0.336781333	0	0	0	0.097559672	0
SRR6505707	Health	0	0.178631095	0	0.038553474	0	0	0.349551495	0.069396253	8.562726502	0	0	0	0.069396253	0	0.290436168	0.0244172	0	0	0.182486442	0.023132084
SRR6505708	Health	0.325517082	0	0.285187532	0.074897736	0	0	0	0	0	0	0	0	0	0	0.207409114	0	0	0.979431929	0.031687504	0.123869332
SRR6505709	Health	0	0.836685039	0	0.029792939	0.062068623	0	0	0.136550971	0.377377228	0	0	0	0	0	0.109240777	0	0	0.677789364	0	0
SRR6505710	Health	0	2.861118101	0	0	0	0	0	0.704548482	0.711949201	0	0	0.142093812	0	0	0.645342727	0	1.289205311	1.523068042	0	0
SRR6505711	Health	0	0.950994139	0	0.046740733	0	0	0	0.052133894	0.228310502	0	0	0	0	0	0.068313379	0	0.048538453	9.479380146	0	0
SRR6505714	Health	0	1.074950398	0.094761468	0.758091741	0.470846042	0	0.216174598	0.70182712	0.088838876	0	0	0.014806479	0.195445527	0	0	0	0	0.260594036	0.032574254	0.127335722
SRR6505715	Health	0.706373133	0.373343616	0.133211807	0.06310033	0.280445909	0	0.420668863	0	0	0	0.438196733	0	1.228703639	0	0.3084905	0	0.06310033	0	0	0.220851153
SRR6505718	UC	0	0	0	0	0	0	0	0	1.234626752	0	0	0	0	0	0	0	0	0	0	0
SRR6505729	UC	0	0	0.020716801	2.442510876	0	0	3.360265175	1.214004558	0	0	0	0.084938885	0.642220841	0	0.225813134	0	0	0	0.087010566	0.192666252
SRR6505730	UC	0	0.116938951	0.108340499	0.070507309	0	0	0	0.091143594	3.883061049	0.493551161	0	0	0	0	0.644883921	0.213241617	0	0.055030095	0	0
SRR6505731	UC	0.031300537	0.532109135	0	0	0	0	0	0.516458866	0	2.240596797	0	0.073034587	0.067817831	0	2.159737075	0	0.224320518	7.70254056	0	0.307788617
SRR6505732	UC	0	0	0	0	0	0	0.019349845	0	4.674369748	0	0	0.163091552	0.063578063	0	0.118863335	1.954334365	0.118863335	0.077399381	0	0
SRR6505733	UC	0.043679342	0.071942446	0	0.017985612	0	0	0	0.051387461	7.291880781	0	0	0	0	0	0.495889003	0.043679342	0.079650565	1.616135663	0	0
SRR6505734	UC	0	0.015511391	0	0	0	0	0	0	1.289384392	0	0	0	0	0	0	0	0.255937954	0.110518662	0	0
SRR9008967	UC	0.239872969	0.905435994	0	0.351363222	0	0	0	0.263522416	0.097976283	0	0	0	0.277036386	0	1.145308963	0	0	2.266968479	0.199331058	0.827730667
SRR9008969	UC	0	0.419232281	0	0.305690205	0.096074064	0	0	0.039303026	0.694353465	3.056902048	0.213983143	0	0.043670029	0	0	0	0	0	0.327525219	0
SRR9008976	UC	0	0.739781764	0	0	0	0	0	0	0	0	0	0	0	0	0	0	0	0	0	0
SRR9008978	UC	0	0	0	0	0	0	0	0	0.434458244	0.794312547	0	0	0.131654013	0	0.048273138	0	0	7.824636854	0.06143854	0
SRR9008979	UC	0.056381003	0.043114885	0.182409127	0	0	0	0	0.248739719	0.066330592	0.7959671	0	0.029848766	0	0	0.109445476	0	0	1.950119395	0	0
SRR9008980	UC	0	0.134242897	0	0	0	0	0	0	0.035615463	0	0	1.408180598	0.02739651	0	0	0	0.041094765	0	0.035615463	0.972576094
SRR9008981	UC	0.984139405	0.716284949	2.747765372	0.896860987	0	0.716284949	0.19261444	0.285912059	0.159508833	0.493574503	0	0	0.09630722	0	0	0	0	4.351882505	0.183585638	0.935985795
CSM5FZ4G	UC	0.017172637	11.44817597	0.021652456	0.230710649	0	0.170979736	0	0	0.065704003	22.39013245	0	0	0.111248824	0	0.040318366	0	0	0.026878911	0.172473009	0.053011185
CSM5FZ4O	UC	0	8.062681663	0.01579679	0.061607481	0	0.240111209	0	0	0.491280172	42.26589157	0	0	0.127954	0	0.19114116	0	0.034752938	0.674522937	0	0.045810691
CSM5MCUI	UC	0.010282632	0.42766402	0.596860058	0.247250564	0.037858782	0.039260959	0	0	0.044869668	0	0	0	0.278565853	0	0.064032755	0	0.172935177	1.051632835	0.028510935	0.852523685
MSM5LLFK	UC	0.004851817	3.095055189	0.051348401	0.011725225	0	0.029110904	0.010512271	0	1.421582501	0	0	0	0.807423281	0	0.535317188	0	0.603646949	0.016172725	0	0.289087454
MSM5LLFS	UC	0	5.76101819	0	0.405344981	0	0.023977241	0	0	0.404048914	0.638637056	0	0	0.222923539	0	0.111137752	0	1.920447402	4.979165722	0	0.08230026
MSM5LLFU	UC	0	6.072842595	0.02626378	0.14707717	0	0.02035443	0	0	0.245566346	0	0	0	0.197634947	0	0.390673732	0	0.112934255	6.900151673	0	0.183846462
MSM5LLIQ	UC	0	0.175489374	0.021981967	0.032240219	0	0.048726695	0.0227147	0	16.54582691	0	0	0	0.075837788	0	1.440185235	0	3.132796729	3.263223069	0	0.060084044
SRR10735852	UC	0	2.704722416	0	0	0	0.032543452	0.483330521	0	0	0	0	1.147457995	0	0	0.314586698	0	0	0	1.958633657	0
SRR10735854	Health	0	0	0	0	0	0	0	0	0	0	0	0	0	0	0	0	0	0	1.227643796	0
SRR10735856	Health	0	0	0	0	0	0	0	0	0	0	0	0	0	0	0	0	0	0	1.450965151	0
SRR10735860	Health	0	14.46787641	0	0	0	0	5.492888671	0	0	0	0	0	0	0	0	0	0	0	0	0
SRR10735861	Health	0	0.212415356	0	0	0	0	0	0	2.085532583	0	0	0.114575555	0	0	0.169932285	0	0	0	0.03990834	0
SRR10735862	Health	0	0.04265605	0	0	0	0	0	0	2.541589649	0	0	0.586520688	0	0	6.085596474	0	0	0	0	0
SRR10735863	UC	0	0.409287096	0	0	0	0.163714839	4.457508558	0	0	0	0	0	0	0	0	0	0	0	2.024110731	0
SRR10735864	UC	0	0	0	0	0	0	0	0	0	0	0	0	0	0	0	0	0	0	1.764100941	0
SRR10735865	UC	0	0	0	0	0	0	0	0	0	0	0	0	0	0	0	0	0	0	1.729548618	0
SRR10735866	UC	0	0	0	0	0	0	0	0	0	0	0	0	0	0	0	0	0	0	4.17847419	0
SRR10735873	UC	0	1.091076146	0	0	0	0	0.018376019	0	3.128517285	0	0	0.022970024	0	0	0	0	0	0	2.763293901	0
SRR10735874	UC	0	6.636134785	0	0	0	0	3.308968487	0	8.4468169	0	0	1.232901641	0	0	3.245276152	0	0	0	0.198659428	0
