CS1	CS2	group
DRR100552	1.98356765915801	-2.14290737622383	1
DRR100553	2.05292493619204	-1.68058959882497	1
DRR100554	1.76681718498647	-2.01764898868385	1
DRR100555	0.911294718033552	-2.30500038527655	1
DRR100556	1.0738742044727	-0.925279549273772	1
DRR100557	1.57933922183194	-2.20175005105687	1
DRR100558	-1.59471147919573	-0.217382946012869	2
DRR100559	-0.309130842571497	-0.805396102716165	1
DRR100560	-0.639274721670792	-1.19418750017285	1
DRR100561	-1.4127498836401	-0.720524154385182	2
a206643	2.26517005818738	-2.69896666535821	1
a206644	2.24459464074406	-2.3804231447448	1
a206657	-1.1038872204418	-0.857854937367529	2
a206658	-0.911647489289778	-0.940599639043205	2
a206670	-1.21081705784358	-0.849852322680553	2
a206675	-0.364344397935134	-0.927980834806647	1
a206676	-1.83938492779643	-0.260905964531596	2
a206677	2.08346180960042	-0.749996975095227	1
a206678	1.4404615788119	-1.22923642856564	1
a206683	0.560912247500361	-1.58046572660098	1
a206684	0.278163337408511	-1.81158153288408	1
a215003	0.676285009940438	-1.09713340111835	1
a215004	1.41291977070069	-0.879703453569028	1
a215007	1.17976385370847	-2.09967607993733	1
a215008	1.62092253957848	-2.32709107865828	1
a215009	0.266715649252851	-1.19141129499055	1
a215010	-0.0668263336413314	-1.01564911096217	1
a215048	-0.175754155626131	-1.2029140821395	1
a215055	0.175190849460443	-0.987122797097795	1
a215056	-1.29561157976763	-0.409891635978565	1
a215057	-0.115110464786273	-0.895612882270136	2
a215058	-0.68047166414518	-0.344932592577162	2
a215061	-1.10747984036442	0.0468388056902082	2
a215062	-1.31506840718227	0.0606301111966689	2
a215074	0.073674922692596	-1.17404240021144	1
a215077	-0.142406632472721	-1.38178219912554	1
a215080	0.647414348774536	-0.448232738630449	1
a219643	-1.22983615458897	-0.125922764065959	2
a219644	-3.70387937014443	0.703418867890699	2
a222170	1.21074418146148	-2.46739034136837	1
a222171	1.24584061353123	-2.38124906356782	1
a224844	0.0529270586569729	-1.53646386096811	1
a224845	-0.333502796302319	-1.60282377484754	1
CSM5FZ4G	0.488069180531616	-2.0999813428547	1
CSM5FZ4O	1.3842408484744	-2.63270202929705	1
CSM5MCUI	0.234186665872876	-1.65971218128786	1
ERR4837016	-2.3135072507873	-0.2193540151661	2
ERR4837017	0.0652900520010502	-0.623678182470635	2
ERR4837018	2.28023182611192	-1.21341711147449	1
ERR4837019	-0.643928813579425	-1.22350132562294	2
ERR4837020	0.103414114755203	-1.53403730253484	1
ERR4837021	0.0649124937964007	0.627326699905421	2
ERR4837022	0.321856835454802	-0.301503487615905	1
ERR4837023	0.992112542777756	-2.10449221773539	1
ERR4837024	0.479275809216589	-0.643253407640619	1
ERR4837025	-2.04003178409998	0.353868278616877	2
ERR4837026	0.448015431804752	-0.35245515217072	2
ERR4837037	-0.252291088800471	-0.954902927952736	2
ERR4837038	0.0551666593294635	0.313650138941499	2
ERR4837039	-0.619424123788691	0.142151959782502	2
ERR4837040	0.988742154037902	-1.3643801050267	1
ERR4837041	0.288689520310028	-1.10402230188636	1
ERR4837042	0.454395515228005	-0.845565300789047	1
ERR4837043	-0.327808016996103	1.05276228085399	2
ERR4837044	-0.526581830943517	-0.316973302972385	1
ERR4837045	1.15559923785578	-1.59829833101542	1
MSM5LLFK	1.46786801744386	-2.25708367766905	1
MSM5LLFS	0.00313585251049148	-1.91667971790124	1
MSM5LLFU	1.63489856617868	-2.72452142824327	1
MSM5LLIQ	1.81679565495819	-1.53641213838384	1
SRR064846	3.08321099972059	0.349550564070408	1
SRR064848	1.94402741301334	-0.807949480147381	1
SRR064849	2.49260441298941	-0.949660349022149	1
SRR064851	2.00812548754371	-0.542589057636953	1
SRR064852	2.89600045094925	-1.46542385063212	1
SRR064854	2.5811962732591	-1.43564215318879	1
SRR064855	3.20221591315246	-0.672328922631276	1
SRR064857	2.55715139373115	-1.37671604084604	1
SRR064858	2.826111120825	-1.3744006978499	1
SRR064860	2.36418658974733	-1.76886129156868	1
SRR064861	2.16091254357177	0.678726138695689	2
SRR064863	1.93263105213913	-0.277391983269416	1
SRR064864	3.22058329533488	1.37830832998462	1
SRR064866	2.08659446002803	-0.211134076467605	1
SRR064867	2.42557082633807	-0.426814872671286	1
SRR064869	2.21487080597664	-1.46657552647202	1
SRR064870	1.70522065926911	1.17854576875429	3
SRR064873	2.03742946391569	0.166926421584303	1
SRR064875	2.26765179267502	-0.358669352628605	1
SRR064876	2.33312940088471	0.200112416756493	1
SRR064878	2.32642738993944	-0.748136327659711	1
SRR064879	1.18291842707249	-0.933757489726678	1
SRR064880	2.18663358687041	-1.26347290911718	1
SRR064881	3.78842511198012	2.77159402876769	3
SRR064882	2.46117084081693	0.715955141102195	3
SRR064883	1.87702453987474	-0.568852374899796	1
SRR064884	2.39914927768058	-1.15920063951997	1
SRR064885	3.01324202927431	-0.308567225691978	1
SRR064886	2.93104228515217	-0.519645284995435	1
SRR064887	3.02656551481421	-0.734063117402873	1
SRR064888	2.89205500449966	-0.75298250068957	1
SRR064889	3.14269493532119	-2.49764707871607	1
SRR064890	2.61465650443999	-3.07832611996013	1
SRR064891	3.18595612676422	0.966034825495549	3
SRR064892	2.95967585579565	0.921993746622384	3
SRR064893	2.94148249971088	1.61475808744411	3
SRR064894	2.92673626906032	1.51594689935864	3
SRR064895	3.32258637670401	1.53011449579599	3
SRR064896	3.05960159472585	0.596485403595121	3
SRR064897	2.53796731796448	2.40297665846138	3
SRR064898	2.86611136081217	2.49686927310226	3
SRR064899	2.8410558379235	2.77873638060307	3
SRR064900	3.05178487609528	2.81326441178462	3
SRR064901	2.42993992096666	2.12167112544753	3
SRR064902	2.90270236386624	2.49832795471024	3
SRR064903	3.57816202890438	1.67081376803611	3
SRR064904	1.85346437270798	-0.729659922069894	2
SRR064905	2.42846894929466	-0.597737763157099	2
SRR064906	1.95048817267999	-0.244930998364648	2
SRR064907	2.53403037974125	0.307165106065128	1
SRR064908	2.32277547459999	0.459405089217516	1
SRR064909	2.38243339553411	-0.351642335826847	1
SRR064910	2.00252433505595	-0.17332680164879	2
SRR064911	2.4017918986854	-2.23072299577255	1
SRR064912	3.03205887199683	-1.47245072522737	1
SRR064913	2.36296265871374	-2.33886238994574	1
SRR064914	2.86547833436556	-1.60215318327109	1
SRR064915	2.32062831506285	-2.30052579907596	1
SRR064916	2.72651756551538	-1.7800458974377	1
SRR1008703	3.16597342888347	3.16020789231395	3
SRR1008705	3.20076304021195	3.17541625854542	3
SRR1008737	3.00531102479348	-3.92773477951233	1
SRR1008760	2.81303706142929	-3.59473978793927	1
SRR1008761	2.82306217414218	-3.61210205719788	1
SRR1008762	2.73703981354438	-3.46312184822334	1
SRR1008767	2.46594245896139	1.62237259688602	3
SRR1008768	2.64949649484082	2.37090092638485	2
SRR1008911	3.16597342888347	3.16020789231395	3
SRR1008913	3.20076304021195	3.17541625854542	3
SRR1008945	3.00531102479348	-3.92773477951233	1
SRR1008954	2.81303706142929	-3.59473978793927	1
SRR1008955	2.82306217414218	-3.61210205719788	1
SRR1008956	2.73703981354438	-3.46312184822334	1
SRR1008961	2.46594245896139	1.62237259688602	3
SRR1008962	2.64949649484082	2.37090092638485	2
SRR1009019	3.16597342888347	3.16020789231395	3
SRR1009021	3.20076304021195	3.17541625854542	3
SRR1009053	3.00531102479348	-3.92773477951233	1
SRR1009062	2.81303706142929	-3.59473978793927	1
SRR1009063	2.82306217414218	-3.61210205719788	1
SRR1009064	2.73703981354438	-3.46312184822334	1
SRR1009069	2.46594245896139	1.62237259688602	3
SRR1009070	2.64949649484082	2.37090092638485	2
SRR10735846	1.09069356814708	0.96659405450518	2
SRR10735847	1.09069356814708	0.96659405450518	2
SRR10735848	1.09069356814708	0.96659405450518	2
SRR10735849	1.09069356814708	0.96659405450518	2
SRR10735850	1.09069356814708	0.96659405450518	2
SRR10735851	1.09069356814708	0.96659405450518	2
SRR10735852	1.28372346527853	-1.1693399986548	1
SRR10735854	0.205616209845245	-1.67704878456896	1
SRR10735856	1.43829582916211	0.119103658015804	1
SRR10735857	-0.26495476267509	-0.926344209218451	2
SRR10735858	0.462578558111948	2.14506929156124	2
SRR10735859	-0.46906092192226	-1.46669353347982	2
SRR10735860	0.59458322174729	-1.14973569627563	1
SRR10735861	3.17985710842944	2.01028007811968	1
SRR10735862	2.94544230855571	-2.02029868012237	1
SRR10735863	0.650004203921963	-2.66336094023658	1
SRR10735864	0.154973896546194	-1.79075995149439	1
SRR10735865	-0.215582624224897	-1.33349405722891	1
SRR10735866	-0.362308541394347	-1.35417552203413	1
SRR10735867	-0.027612709312736	-1.3933807949519	2
SRR10735868	-2.71418619469334	0.117684378504307	2
SRR10735869	-2.71746939920051	0.84721935174152	2
SRR10735870	-0.386414844355308	0.0629503272096406	2
SRR10735871	-2.71746939920051	0.84721935174152	2
SRR10735872	-0.386414844355308	0.0629503272096406	2
SRR10735873	1.44086746760064	-0.316455292790856	1
SRR10735874	0.195245473134563	-1.19848256716573	1
SRR10735875	1.09069356814708	0.96659405450518	2
SRR2651094	-1.4711436663437	0.0139306661641246	2
SRR2651095	-2.7995484919087	0.78365111304686	2
SRR2651096	-1.76726982439252	0.176573397869017	2
SRR2651139	-2.22967364161595	0.397304141988314	2
SRR2651208	-1.22522497594341	-0.345134919148942	2
SRR2651293	-2.5133822914952	0.712536963017365	2
SRR2651338	-2.27507437442455	0.353342009691893	2
SRR2651405	-2.23523537396848	0.341543775784768	2
SRR2651491	-2.17002047155276	0.56116317280682	2
SRR2651514	-1.37074109713104	0.120931696628444	2
SRR2651569	-3.03942926400499	1.01585033107633	2
SRR2651606	-2.4860603234451	0.701674255092099	2
SRR2651639	-1.68264950848707	0.0193678727643555	2
SRR2651640	-2.38070366282834	0.66712197789538	2
SRR2651641	-2.27584876255629	0.609084800114138	2
SRR2651642	-2.43894427607379	0.880305137889512	2
SRR2651643	-1.44939087783346	0.276660196706995	2
SRR2651644	-2.07333639999925	0.245253006202505	2
SRR2651645	-1.697514858927	0.0835237086384681	2
SRR2651646	-1.90471969772271	-0.145272346421207	2
SRR2651647	-2.76235440174534	0.501659842824355	2
SRR2651648	-2.57689830461941	0.512235195119098	2
SRR2651649	-2.1971656699786	0.300144914777006	2
SRR2651650	-2.40037307000351	0.474668612669401	2
SRR2651651	-2.70022338240519	0.605616315582513	2
SRR2651652	-2.47800829124952	0.476744384420848	2
SRR2651653	-2.19140223445432	0.115520813681873	2
SRR2651654	-2.14662659284696	-0.00467323675426496	2
SRR2651656	-2.47499537348426	0.659290344473726	2
SRR2651657	-1.15918314239401	-0.696129474002784	2
SRR2651658	-1.36476635432755	0.208967860722008	2
SRR2651659	-0.926983170377417	-0.616478643910746	2
SRR2651660	-1.95921115695798	0.425517454769209	2
SRR2651661	-2.81697037303351	0.47565634320687	2
SRR2651665	-2.10039499057269	-0.0357510938397031	2
SRR2651666	-2.30947346666819	0.127691116818374	2
SRR2651667	-2.11550586985438	0.317470318996698	2
SRR2651668	-1.37634569470909	0.0131330412185125	2
SRR2651669	-3.59173976034942	0.477869022626246	2
SRR2651670	-2.58861392729713	0.187234212536341	2
SRR2651671	-1.41628928241737	-0.317014622220072	2
SRR2651672	-2.4558784744533	0.207025629050865	2
SRR2661022	-1.15483027530533	-0.138985951030162	2
SRR2661082	-1.98700570132511	0.321923826297355	2
SRR2661083	-1.98045811892636	-0.172944246193466	2
SRR2661177	-2.73273583658573	0.658019756335203	2
SRR2661218	-2.34894511248041	0.174449530494312	2
SRR2661254	-2.98170812029898	0.70806593586839	2
SRR2661255	-2.20232126440867	-0.0708250300593541	2
SRR2661256	-3.45705802607089	1.09764494203509	2
SRR2661257	-3.17864476796449	0.849469276321906	2
SRR2661258	-2.92634938223179	0.918537381098244	2
SRR2661259	-3.0954433597323	1.40844712262845	2
SRR2661260	-1.87911729816672	0.680531730613746	2
SRR2661261	-2.51969210296094	0.464469215992959	2
SRR2661262	-2.63805196646736	1.00288281362734	2
SRR2661263	-3.49030400969206	1.22237553079992	2
SRR2661264	-2.93507727673442	1.107591705538	2
SRR2661265	-2.88477549579229	0.865695055205013	2
SRR2661266	-2.84442095914196	0.515304905792679	2
SRR2661267	-2.72971692151031	0.757103304603359	2
SRR2661268	-2.89504557356427	0.407892806375483	2
SRR2661288	-3.01168987000399	1.21691018187962	2
SRR2661289	-2.93844582946199	0.572700541714235	2
SRR2661290	-2.92258071954319	0.544986124747634	2
SRR2661291	-2.46395982983256	1.28124079622969	2
SRR2661292	-2.67680109962817	1.32600237763976	2
SRR2661293	-2.89212929854833	1.08518333909625	2
SRR2661294	-3.22537181174034	1.09957660533612	2
SRR2661295	-3.23614173329227	0.954612942753161	2
SRR2661296	-3.3054976410387	0.858007939548953	2
SRR2762395	-2.75529935884857	0.77331896143929	2
SRR2762396	-2.65626051560841	0.445378900410015	2
SRR2762397	-3.08196445925269	1.173641598296	2
SRR2762399	-2.78745941005174	0.487538250427847	2
SRR2762400	-2.98339070169884	0.626768693529696	2
SRR2762401	-2.5509565237933	0.525764000860629	2
SRR2762403	-1.67063549102572	-0.468306750638929	2
SRR2762404	-2.87272344252064	0.901394793484245	2
SRR2762405	-3.09482303444611	0.60981886855099	2
SRR2762407	-2.97528590188842	0.705622577049576	2
SRR2762408	-2.60353215518038	0.630263936196389	2
SRR2762409	-1.49358358155159	0.182584451261451	2
SRR2762411	-2.41151684971656	0.980553791101405	2
SRR2762412	-3.16863997424311	0.806246648249604	2
SRR2762413	-2.89623948054259	0.651726403583192	2
SRR2762415	-2.86788125351621	0.411002391228853	2
SRR2762416	-2.56751482318494	0.955177609091513	2
SRR2762418	-2.40787082401056	0.219493285092836	2
SRR2762419	-0.455348825375841	0.398931308511914	2
SRR2762420	-2.8123770540875	0.495369399172716	2
SRR2762421	-3.47053022827154	0.8820891676357	2
SRR2762422	-2.44943454051537	1.36764642109194	2
SRR2762423	-1.67679799427966	0.088553822248584	2
SRR2762424	-1.40620128970008	0.711977740612185	2
SRR2762425	-1.89360764609073	0.240589013202947	2
SRR2762426	-3.22102869778354	0.972386520262932	2
SRR2762427	-2.72521119914807	0.491631149336205	2
SRR2762428	-3.3276780895435	0.960520287040156	2
SRR2762429	-2.02751587352678	-0.135177608483719	2
SRR2762449	-3.49694277833508	1.50149891218758	2
SRR2762450	-2.61347024685198	0.468278223068157	2
SRR2762451	-2.86573199978657	0.760265518946401	2
SRR2762482	-2.7621346237695	0.629731302363957	2
SRR2762489	-1.6730323942277	-0.226345003544282	2
SRR2762556	-3.06905982948066	0.643898537747857	2
SRR2762579	-2.62352181217442	0.621687078427461	2
SRR2762580	-3.04040090214603	1.04425971870916	2
SRR2762664	-3.4327885979542	0.975265136299202	2
SRR2899239	-0.141501183523578	0.150106223630344	2
SRR2899240	-2.27035335982749	0.513787350591449	2
SRR2899241	-1.59795607661367	0.59707600403593	2
SRR2899242	-1.97276733044586	0.332740828516871	2
SRR2899244	-2.2369271380115	0.612224507245155	2
SRR2899245	-2.39743889517142	0.528313809282374	2
SRR2899246	-2.20880471306199	0.711973430638723	2
SRR2899247	-2.52566980617076	0.517326064495027	2
SRR2899249	-2.48686716298384	0.833750699771798	2
SRR2899250	-2.13925286784539	0.578166986213395	2
SRR2899270	-2.3799629319139	0.726208320608157	2
SRR2899271	-2.41178998114414	0.700234059193147	2
SRR2899273	-2.31495986589926	0.730120868251532	2
SRR2899274	-2.94684142391171	0.763820615437938	2
SRR2899325	-2.51834538705773	0.756479433823618	2
SRR2899328	-2.76150526445266	0.538029519282763	2
SRR2899350	-2.36930700304002	0.406135889750059	2
SRR2899397	-2.62709352290306	0.801102593640442	2
SRR2899457	-2.08043296054925	0.509437574166477	2
SRR2899491	-2.19372914107851	0.429440817335319	2
SRR2899536	-2.47533372551393	0.582742660672701	2
SRR2899655	-2.3040039279066	0.655459376995788	2
SRR2899702	-1.9012381640227	0.333209291383856	2
SRR2899727	-1.6012622897251	0.384617147685768	2
SRR2899729	-1.28988148143401	0.400117782364013	2
SRR2899730	-2.42668251002147	0.844116309501735	2
SRR2899732	-2.16262155481377	0.487201571677708	2
SRR2899733	-1.42975048863305	0.401197671974196	2
SRR2899734	-2.0523874463566	0.682530935266432	2
SRR2899735	-2.2406235832378	1.20065661104924	2
SRR2899737	-2.63491709166962	0.881509591903288	2
SRR2899748	-2.12620798052395	0.758001441726421	2
SRR2899758	-2.06271578940286	0.404169902951048	2
SRR2899776	-1.55850782850991	0.466992658683409	2
SRR2899789	-2.37140069003123	0.59495766343725	2
SRR2899798	-2.02796089398809	0.532791395878804	2
SRR2899806	-2.31574600335985	0.716373489989827	2
SRR2899808	-1.80518101208671	0.301067304072539	2
SRR2899809	-2.6800308690723	0.981637984532112	2
SRR2899810	-2.07083424986897	0.795125278140423	2
SRR2899811	-2.12138448571689	0.55308586696377	2
SRR2899812	-2.41302087650073	0.809496291655966	2
SRR2899813	-2.0191417001411	0.769169716961448	2
SRR2899814	-1.35662832927999	-0.088775432031288	2
SRR2899815	-3.21037581965886	1.05752213419061	2
SRR2899816	-2.44406496147129	0.981347056558135	2
SRR2899817	-2.24133593331945	0.815084208570953	2
SRR2899818	-2.4719727183485	0.918434506223185	2
SRR2899820	-2.20227248114767	0.813667656540755	2
SRR2899822	-2.24972143822381	0.731142869398356	2
SRR2899824	-2.2436798704548	0.812526535024174	2
SRR2899825	-2.53377721243164	0.575764019301055	2
SRR2899826	-1.60886371421294	0.552506445783479	2
SRR2899828	-1.99854811446478	0.609789428756027	2
SRR2899829	-1.70304996817105	0.388734514812973	2
SRR2899830	-0.62166651290988	0.227107988540763	2
SRR2899832	-2.29305864732926	0.771031228213378	2
SRR2899833	-1.94060700653192	0.583911093437396	2
SRR2899834	-2.18795708422436	0.662866222706227	2
SRR2899836	-2.2995892695414	0.684635573384347	2
SRR2899837	-2.60526879552569	0.827130603770742	2
SRR2899838	-2.2697773531802	0.592158064441446	2
SRR2899839	-1.86544938409184	0.744842113768038	2
SRR2910694	-3.0461806266988	1.20352694672295	2
SRR2910696	-2.51072121568921	1.35795113676994	2
SRR2910697	-3.27924649835575	1.01131606286584	2
SRR2910699	-2.60448760698588	0.705273447719464	2
SRR2910700	-2.33034636102691	0.921598652181124	2
SRR3100561	-2.62097622707353	0.120098537602732	2
SRR3100562	-3.42198366218794	1.21497529643441	2
SRR3100563	-3.5716277127382	1.13607730590149	2
SRR3100568	-2.65854020476605	0.961129979410968	2
SRR3100589	-3.53846557812937	1.33638881972355	2
SRR3100590	-3.05750922149224	0.948107134376225	2
SRR3100591	-3.5028867082991	1.12161566927807	2
SRR3100610	-2.68995480214092	0.845134890036701	2
SRR3100611	-3.32300421796446	1.06323813415642	2
SRR3100613	-2.24537285939044	0.929027763636891	2
SRR3100614	-3.4985161245948	1.2106355332918	2
SRR3100615	-3.04061825502949	1.0012869752251	2
SRR3100616	-2.34297303244684	0.835367075569028	2
SRR3100617	-3.76645979578503	1.24496412373192	2
SRR3100618	-2.84370679610984	0.842222651209395	2
SRR3100619	-2.85886402159318	0.809218643555137	2
SRR3100620	-2.84329995215895	0.820257249964767	2
SRR3100621	-2.4640964889146	0.522488579512209	2
SRR3100622	-2.71739351320483	0.8003554583048	2
SRR3100623	-3.60555665846289	1.1501616858146	2
SRR3100625	-2.9746210734701	1.191043350682	2
SRR3100627	-2.69281074397793	0.788760082156264	2
SRR3100628	-2.20226321401102	0.758218855155308	2
SRR3100629	-3.28293900254042	1.20177633152575	2
SRR3100630	-3.02729765008091	0.821023988977261	2
SRR3100631	-2.62263721175657	0.972758751452459	2
SRR3100632	-3.04757458454029	0.792906160634796	2
SRR3100633	-3.94502005051285	1.58193217156361	2
SRR3100634	-1.47676221108405	0.746561170591631	2
SRR3100635	-3.53035239455338	0.972387870023268	2
SRR3100636	-2.87450587338546	0.912607687070968	2
SRR3100639	-3.18171962892269	1.04879926490451	2
SRR3100640	-3.03533226155137	0.981983554871923	2
SRR3100641	-1.9721396139271	0.418463496041984	2
SRR3100643	-2.64767160919819	0.997795214456861	2
SRR3100644	-2.14701962851983	1.21996934426254	2
SRR3100645	-2.76455206245323	0.817910161823816	2
SRR3100646	-2.49585967876605	1.3591838931543	2
SRR3100647	-3.05671078454948	0.743022959699928	2
SRR3100648	-1.82105645419797	0.950906495315605	2
SRR3100649	-2.37562681715613	1.47725832775346	2
SRR3100650	-2.70939173792334	0.90695113538502	2
SRR3100651	-2.95811036197418	1.05876621428661	2
SRR3100663	-3.15180003302732	0.689033776763495	2
SRR3100675	-2.73325211614756	0.768558658847283	2
SRR3100679	-3.0961467348699	0.994100545776934	2
SRR3100680	-3.30368665577512	0.999079425304353	2
SRR3100681	-2.9354635450829	0.991345978792103	2
SRR3100682	-3.25329208791164	1.04489512828192	2
SRR3100683	-2.60690667950218	0.674587536989031	2
SRR3100684	-2.37231572839519	0.401039201140192	2
SRR3100685	-2.30463013466367	0.824344710652386	2
SRR3100686	-3.00003266171227	1.21491906910093	2
SRR3143842	-2.84840760959258	0.442743324460143	2
SRR3143892	-1.0296322810535	-0.804560310465686	2
SRR3143893	-1.11420497539076	-0.235721692587548	2
SRR3143895	-0.27537293452043	-0.968677904552184	2
SRR3143896	-0.949149427375158	-0.782245399104127	2
SRR3143898	-0.486591062852119	-0.862108258907494	2
SRR3143900	-0.278275099618224	-1.3912688423843	1
SRR3143912	-0.321654834227836	-0.942306165992987	2
SRR3143922	-0.394623600441689	-0.610912493991503	2
SRR3143928	-1.63433713222719	-0.310984177165224	2
SRR3143929	-1.599463748847	-0.325092705395411	2
SRR3143930	-0.746134766682064	-0.799523700575179	2
SRR3143931	-0.882491740087341	-0.627787132082927	2
SRR3143932	-0.816643290649769	-0.846353137824692	2
SRR3143933	-0.341123792180804	-0.963222645362612	1
SRR3143934	-0.812708583632867	-0.470210991758957	2
SRR3143935	-0.706924799519244	-0.372498951042584	2
SRR3143936	-1.04880251906561	-0.26008385850789	2
SRR3143937	-2.03125423367511	0.139938198494206	2
SRR3143938	-0.649158940293427	-0.840246055421592	2
SRR3143939	-2.55629026043912	0.35505099190826	2
SRR3143940	-1.28610893016072	-0.608598642412592	2
SRR3143941	-1.35771079262546	-0.192507184006635	2
SRR3143942	-0.729800834401373	-0.565321103465944	2
SRR3143943	-0.816935558948874	-0.252998293517399	2
SRR3143944	0.349287359899838	-1.43647527779596	1
SRR3143945	-0.304123151331293	-0.851719117782186	2
SRR3143946	0.292880153464968	-1.4036380790054	1
SRR3143947	0.46758344254124	-2.02939695101359	1
SRR3143948	0.342282445939526	-1.49042360184045	1
SRR3143949	1.0534519590698	-2.12232046074109	1
SRR3143950	0.71283225106451	-2.09987132425325	1
SRR3143951	-1.05653569985668	-0.23188735372958	2
SRR3143952	-0.38536449589072	-0.421597408834324	2
SRR3143953	-0.658060718074419	0.0130035733802697	2
SRR3143954	-0.797643619911255	-0.110058899477479	2
SRR3143955	-0.37344089654116	0.458318368903955	2
SRR3143956	-0.650347315504565	-0.752355950229617	2
SRR3143957	-1.43200557024153	0.445347103661386	2
SRR3143958	-0.539172372477542	-0.351094579569636	2
SRR3143959	-0.555462149243276	-0.116659055037101	2
SRR3143960	-2.00627209852886	0.885560220881379	2
SRR3143961	-1.76632654286496	0.46994349224929	2
SRR3143962	-2.13964091776086	0.700113104969117	2
SRR3143963	-2.60174741526724	0.813709392017173	2
SRR3143964	-2.70908668267115	0.652940308648099	2
SRR3143965	-2.22309291552605	0.586560465032917	2
SRR3143966	-0.980811217752288	0.484104778895643	2
SRR3143967	-2.73646157677444	1.35004856268526	2
SRR3143968	-1.92639244133148	0.768258312742379	2
SRR3143969	-1.65301468525313	-0.544590985184752	2
SRR3143970	-2.02576110681637	-0.395807292761157	2
SRR3143972	-2.1125251910463	-0.149204343378788	2
SRR3143981	-2.20646185079038	0.208497060249235	2
SRR3143987	-2.43345953208516	0.192729718171831	2
SRR3143988	-2.8906140091568	0.18982730146845	2
SRR3144002	-2.46509976089119	-0.0254105633439521	2
SRR3144015	-2.05907458433516	-0.238095377116553	2
SRR3144017	-2.34484398215432	-0.130086868311845	2
SRR3144033	-0.757390931802885	-0.989825856401004	2
SRR3144042	0.444553955594605	-1.81309742427675	1
SRR3144056	-0.533919878035748	-1.11091890931449	1
SRR3144066	-0.00063502486403921	-1.43645782319807	1
SRR3144067	-2.65744637700707	0.26308836336302	2
SRR3144068	1.00483685739552	-2.07423910473608	1
SRR3144069	-0.944064181409885	-0.742720789319082	2
SRR3144070	-0.825931666794513	-0.82091017235102	2
SRR3144071	0.242210935722389	-1.55798521298496	1
SRR3144081	-1.69644938135354	-0.236552033547959	2
SRR3144090	0.0713688185207195	-1.16955358255971	1
SRR3144096	-1.30184034980111	-0.36310316572601	2
SRR3144097	-3.10444370464694	0.281941069466913	2
SRR3144098	-2.7830538031461	0.42249240692245	2
SRR3144099	-1.48911357206313	0.140709382585798	2
SRR3144100	-2.20318539203754	-0.0667275619869872	2
SRR3144101	-2.53218953875055	0.0560467091183314	2
SRR3144102	-2.46595340409435	0.222017312056761	2
SRR3144103	-2.4648717422567	0.184311267781714	2
SRR3144104	-2.41212974779891	-0.197016290879746	2
SRR3144105	-1.17568373702157	-0.959778302515381	2
SRR3144106	-2.19808165717975	0.0175530905477528	2
SRR3144107	-1.75138975881444	-1.0181269799622	2
SRR3144108	-2.16469588357766	-0.150923853198781	2
SRR3144109	-1.37333623263475	-1.26715168863142	2
SRR3144110	-2.50549727574447	-0.0443943985748931	2
SRR3144111	-2.34195138992739	-0.280870488662422	2
SRR3144112	-2.61435751637255	-0.12410319644355	2
SRR3144113	-2.62396475498766	0.296168975795136	2
SRR3144114	-2.44377213251166	0.340648875588313	2
SRR3144115	-2.60094506070196	0.148434977790354	2
SRR3144116	-2.37663178398312	0.703586941686863	2
SRR3144117	-2.86890222586538	-0.123598602492517	2
SRR3144119	-2.18887880879378	0.700158350200807	2
SRR3144120	-2.24442878849293	0.163460076295808	2
SRR3144121	-3.17836795573497	0.950853100064709	2
SRR3144122	-2.96068450058221	0.319993044788886	2
SRR3144123	-3.39215869482226	0.996938862416886	2
SRR3144124	-2.48102132942279	0.0582712974610254	2
SRR3144125	-2.5194830014651	0.151047034540443	2
SRR3144126	-2.01064417632637	-0.497817391477719	2
SRR3144127	-2.25596918611274	0.137886116484088	2
SRR3144132	-2.75468087790074	-0.149969961952752	2
SRR3144136	-2.07792312396282	-0.032787939561145	2
SRR3144141	-1.79442716322518	-0.998280919947156	2
SRR3145320	-1.94371615701626	0.488464405198815	2
SRR3145321	-1.52423109235209	0.219713034178975	2
SRR3145322	-1.74629460761266	0.342320798326901	2
SRR3145323	-1.82122087102516	0.427488499254382	2
SRR3145324	-1.34750064265893	0.0761210877940639	2
SRR3145326	-2.23440975975632	0.633415157687745	2
SRR3145329	-1.68909050485623	0.146509226040805	2
SRR3145335	-1.56713245608392	0.14385112160888	2
SRR3145336	-1.56433307141934	0.453969273627471	2
SRR3145337	-1.04388254548488	0.500643909593017	2
SRR3145338	-0.752870571690985	0.534673694291778	2
SRR3145339	-3.97513235606294	1.13253798707216	2
SRR3145340	-0.65468243116761	-1.1475191919276	2
SRR3145341	-1.72137352509277	-0.123134925491911	2
SRR3145342	0.048100763667804	-1.91186943206521	1
SRR3145343	-0.566138774540108	-1.53594378038422	2
SRR3145344	-2.68545521662483	0.403464797375432	2
SRR3145353	-1.79609004471547	-0.375162076214129	2
SRR3145354	-0.880663992904362	-1.20470502422617	2
SRR3145355	-2.47136869779365	-0.00430844777762767	2
SRR3145356	-1.43541487630501	-0.313986787523749	2
SRR3145357	-0.101448419073632	-1.71912561667987	1
SRR3145358	0.417179775446568	-1.84171102545554	1
SRR3145359	-0.947635290369395	-1.13635251255963	2
SRR3145360	-1.80398771778929	-0.416567749570024	2
SRR3145361	-1.9691585903732	0.338465544315748	2
SRR3145362	-2.40177794964928	0.592580223000701	2
SRR3213901	-2.85743761319839	0.607851113498997	2
SRR5218291	-2.05304413033023	0.958072254418649	2
SRR5218304	-1.20147632514122	0.015161747089675	2
SRR5218305	-1.72607418306719	0.0327578714929177	2
SRR5218306	-1.33322206681484	-0.0167256403084353	2
SRR5218307	-1.23439913944118	-0.379551134471453	2
SRR5218308	-1.40209756159828	-0.16384203506265	2
SRR5218309	-0.76560082639657	-0.303507128071513	2
SRR5218310	-4.21923144026618	1.77774933856395	2
SRR5218311	-1.84325169778055	0.65287281537171	2
SRR5218312	-0.175501399084815	-0.153101913216307	2
SRR5218313	-1.85618882836017	0.616225564794879	2
SRR5218314	-2.04907457404628	0.489093445146437	2
SRR5218315	-1.3813209918645	0.0740923108638553	2
SRR5218316	-1.81209696392455	0.553820665107928	2
SRR5218317	-2.17922688269317	0.524131202680414	2
SRR5218318	-1.63072402332191	-0.0169024279307882	2
SRR5218319	-0.872149491969316	0.337285904329592	2
SRR5218320	-2.03887934032209	0.936007583663289	2
SRR5218321	-1.80552314213216	0.637774655138511	2
SRR5218322	-1.77785576105977	0.887392178333888	2
SRR5218323	-2.56429625114442	0.548250077120332	2
SRR5218324	-2.15437823249847	0.7255047407156	2
SRR5218325	-2.43363735300499	0.752467697806504	2
SRR5218326	-2.39188164648091	0.387582960444411	2
SRR5218327	-1.87074106319605	0.82268373308397	2
SRR5218328	-1.72337579412337	0.232735768775908	2
SRR5218329	-2.00459737204319	0.448873880052735	2
SRR5218330	-0.613449194470727	-0.0992924607253009	2
SRR5218331	-1.16204967742825	0.253362302505899	2
SRR5218332	-1.17188844432478	0.579137385038952	2
SRR5218333	-0.94679498444904	-0.435653009532783	2
SRR5218334	-1.52128813706091	-0.0747437776112414	2
SRR5218335	-1.81763312454509	0.447024416728475	2
SRR5218336	0.503027214935052	-1.18148999870087	1
SRR5218337	-2.1174889469546	0.372535067210942	2
SRR5218338	-1.47494601664101	1.07923178478528	2
SRR5218339	-1.2465356066813	0.19114664044108	2
SRR5218340	-0.232153871415199	-1.23045417862052	1
SRR5218341	-1.38388922154618	1.46309547337176	2
SRR5218342	-1.7262291478208	0.128018516860381	2
SRR5218343	-1.28388753098938	0.251015304655841	2
SRR5218344	-2.00528256942914	1.83221645510002	2
SRR5218345	-1.28525027928783	0.65110874428576	2
SRR5218346	-1.0764554979482	0.278393279961703	2
SRR5218347	0.900273958588922	0.62544788692478	2
SRR5218348	-1.63087623685422	0.937422603518538	2
SRR5218349	-0.748878631551974	-0.262995315315828	2
SRR5218350	-1.13597030895555	0.157383583609044	2
SRR5218351	-1.27341923826049	-0.449454294428629	2
SRR5218352	-0.501090269439687	0.300341373919262	2
SRR5218353	-1.64059278461114	0.575466549456222	2
SRR5218354	-1.83466679004633	0.842260597948813	2
SRR5218355	-1.19030563734957	0.651563386071128	2
SRR5218356	-1.84812255232197	0.0105386975110056	2
SRR5218357	-1.37186963985749	0.569826152678242	2
SRR5218358	-0.490865029886002	1.41619144513746	2
SRR5218359	-1.92941823852808	1.27584430788397	2
SRR5218360	-1.85726814874003	0.703129476598088	2
SRR5218361	-1.39482248276496	0.826661075486387	2
SRR5218362	-1.59199946582701	0.608848500118566	2
SRR5218363	-0.674389346737651	0.0232443100726191	2
SRR5218364	-1.9582119697372	0.421241325636198	2
SRR5218365	-0.69842758596611	0.0863029666235511	2
SRR5218366	-0.384466015987481	0.457753444909447	2
SRR5218367	-1.11412324114967	0.489755981180625	2
SRR5548014	3.03685763105817	0.281006990324027	1
SRR5548016	3.35613302877185	1.06939018893995	3
SRR5548018	3.71141061521789	1.26583131310641	3
SRR5548020	3.63323042619149	0.955602412648981	3
SRR5548021	2.4826892942832	-0.952526335313868	1
SRR5548023	2.49390493486896	-0.547795763722826	1
SRR5548024	2.88828554805914	-1.51171045628568	1
SRR5548026	3.11689878375664	-1.00403456905867	1
SRR5548027	2.91273948599903	-1.30542110191734	1
SRR5548028	3.27526988554608	-0.0876581073357836	3
SRR5548029	2.72875333473869	-1.93226289226891	1
SRR5548030	3.10253061434025	-1.05000215036591	1
SRR5548031	3.19735869834857	-0.712036426087259	1
SRR5548033	3.3209213386303	-0.258478084260472	1
SRR5548034	2.80637389831879	-1.44212986372851	1
SRR5548036	3.10047676158067	-0.926124899959389	1
SRR5548037	2.12265503856151	0.646511979312847	2
SRR5548039	2.18696293014303	0.729698254849545	1
SRR5548042	2.26370344322894	1.39840266743571	3
SRR5548045	2.39961052624625	1.01291494847067	1
SRR5548046	3.16933014873012	1.31077313136289	1
SRR5548049	3.15646172788102	1.49714977241	3
SRR5548051	2.37849617416217	-0.499182354163447	1
SRR5548054	2.69773951123972	-0.0893339696258263	1
SRR5548055	1.5824558475655	1.08333990637842	3
SRR5548058	3.00875742315826	0.960164431018444	3
SRR5548060	1.05759723914764	1.01138251829817	2
SRR5548061	3.10707013224017	1.23346669288228	3
SRR5548063	1.62433549031224	1.25782665965445	2
SRR5548064	3.09846345622625	1.03823632955649	3
SRR5548066	1.95694625334053	0.126234777728059	1
SRR5548069	2.90891959148023	0.366770563395827	3
SRR5548070	2.2146682233632	0.0735535526748654	1
SRR5548073	3.2599363155178	0.60447522187714	3
SRR5548075	1.15482800953138	-0.958253107710807	1
SRR5548076	2.05353288974008	-0.781359191277856	1
SRR5548078	3.79385562366608	2.75108496842059	3
SRR5548079	3.64012408244875	2.97641083052377	3
SRR5548081	1.87795054128231	-0.586332998423519	1
SRR5548084	2.75022650158631	-0.463182021007231	1
SRR5548085	1.86894607634673	1.76366627454459	3
SRR5548087	1.29259445323277	1.80613601507606	3
SRR5548094	2.42694830730076	1.48602541734891	2
SRR5548095	2.42409567886724	1.09372027722415	2
SRR5548101	4.0481707800675	3.53774258015937	3
SRR5548102	4.25190152359279	3.69469442776879	3
SRR5548106	2.09497851369833	-1.30771048024787	2
SRR5548107	1.89579290311692	-1.0804899821049	1
SRR5548108	3.00897123426191	-0.311232486726561	1
SRR5548109	2.97228281536772	-0.676930288409228	1
SRR5548113	2.81759960269307	2.30608856885261	3
SRR5548118	4.55313399879273	3.42017095251211	3
SRR5548119	4.58425102786798	3.49508721305907	3
SRR5548121	3.01261192295204	-0.79352760714373	1
SRR5548122	3.04837409243003	-0.973930349991881	1
SRR5548123	3.13172872538345	-2.53103466679488	1
SRR5548125	2.71439572540983	-3.33326434072325	1
SRR5548126	3.17193202595033	0.931940171411648	3
SRR5548127	3.57355788982194	1.17735229722664	3
SRR5548128	2.93030242746558	1.60956695330093	3
SRR5548129	3.04998172220543	1.59318714281927	3
SRR5548130	3.30925473222194	1.49897603619989	3
SRR5548132	3.29945037989232	0.361802123442753	3
SRR5548133	2.51545256668716	2.39579686305496	3
SRR5548134	2.47260717641862	2.28600827266234	3
SRR5548135	2.81377025313901	2.76932505047589	3
SRR5548136	2.7510483506346	2.69101563192422	3
SRR5548137	2.43065137356366	2.10215528503928	3
SRR5548139	2.71692837845539	2.18280211156003	3
SRR5548165	3.56909064691136	1.67178067234399	3
SRR5548166	3.73036203596191	1.68609592892742	3
SRR5548167	2.39827754113822	-0.590796622913726	2
SRR5548168	2.05503052443105	-0.1969186062089	1
SRR5548169	2.53081747059745	0.301138262838865	1
SRR5548170	2.39416812005308	0.242352032882333	1
SRR5548171	2.37442518747199	-0.350543214729419	1
SRR5548172	2.1208220684076	-0.0442061520177661	1
SRR5548173	2.40449957455387	-2.23924056521969	1
SRR5548174	2.38768511909947	-2.15251257134111	1
SRR5548175	2.37202961145847	-2.3299210718119	1
SRR5548176	2.31639991419718	-2.23240801564294	1
SRR5548177	2.38037417170295	-2.22778004486228	1
SRR5548179	2.33734998848913	-2.14563811368789	1
SRR5548180	1.23798739179224	0.262229913491644	2
SRR5548181	2.31295982322397	0.180434971298178	1
SRR5548182	2.24186675383422	0.0884309541697376	1
SRR5548183	2.74186479815848	0.999700771787825	1
SRR5548184	1.60177345981947	-1.32303367954702	1
SRR5548186	2.67948587919967	0.808149684825419	1
SRR5548187	2.3088577469991	-0.0931589908005505	1
SRR5548188	2.65608831146983	0.689153238450462	1
SRR5548217	1.97912421774267	-0.25745566126882	2
SRR5548218	1.91790191551268	-0.226839809863311	2
SRR5548219	1.99801429015815	-0.270922391622195	2
SRR5548220	1.90351017525255	-0.219807242187752	2
SRR5548221	1.87315193983238	-0.127884070229641	1
SRR5548222	1.33528461082897	-0.0915209906811622	2
SRR5548223	1.64181951306089	-0.329242511934217	2
SRR5548224	1.39245538750579	-0.305659049308558	2
SRR5548225	1.58881378414499	-0.318456908847756	2
SRR5548226	1.50933530582609	-0.366088866010149	2
SRR5548227	3.68160795705144	3.24266454748002	3
SRR5548228	3.96447161007124	2.99022138172845	3
SRR5548229	3.68393374365512	3.6914109163159	3
SRR5548230	3.97144448938797	3.09198360698089	3
SRR5548231	3.64358813856364	3.12449216110926	3
SRR5548232	3.80376322630974	2.80199106177267	3
SRR5548233	3.57156465811474	3.41401747121917	3
SRR5548234	3.84190606464032	2.82214846147365	3
SRR5548235	3.51212979252604	3.26459830297547	3
SRR5548236	3.7220637692678	2.38277504014252	3
SRR5548237	3.6044762525605	2.64624062624804	3
SRR5548238	3.72501647291436	2.3594785984052	3
SRR5548239	3.29402177748121	3.40432851816425	3
SRR5548240	3.88724194170212	2.35095108825779	3
SRR5548241	3.75563972240235	3.25075334126276	3
SRR5548242	3.92629689534111	2.47080494193357	3
SRR5548243	3.76643253656757	4.48744218950763	3
SRR5548244	4.31456994117832	3.41924147771553	3
SRR5548245	3.7974341491703	3.78699810006021	3
SRR5548246	4.30151485819202	3.2953275534994	3
SRR5548247	3.58589672230244	3.12545455203341	3
SRR5548248	3.88396936250058	2.68777256184255	3
SRR5548249	3.18982028191861	3.32941171246144	3
SRR5548250	3.83009268696123	2.66033786063161	3
SRR5548251	3.6595026593992	3.73982011733651	3
SRR5548252	5.06363384062894	4.81829661414516	3
SRR5548253	3.63137027574835	4.08462439833225	3
SRR5548254	5.09512316755903	4.84581086756918	3
SRR5548255	4.14171354610129	3.9351038087767	3
SRR5548256	5.09950307355683	4.72490873204011	3
SRR5548257	3.97710070360766	4.28713638669763	3
SRR5548258	5.04280185803405	4.60455871139249	3
SRR5548259	2.92457239460981	3.24025044236748	3
SRR5548260	3.41849789072712	3.42116639735014	3
SRR5548261	2.30389852743228	3.51219841820213	3
SRR5548262	3.50437130647475	3.18965279832962	3
SRR5548265	5.18273667557115	4.03762560763422	3
SRR5548272	3.01861137300381	2.65367712407481	3
SRR5548274	3.05440665520058	2.47151052224274	3
SRR5548277	3.58240778096098	1.72446801392631	3
SRR5548278	3.17835149474005	2.51421094692879	3
SRR5548279	2.02288493051682	-0.193599805320806	1
SRR5548281	2.0031040617672	-0.175740548125271	1
SRR5548286	1.01097868589902	2.20141071544707	2
SRR5548287	1.45650272476139	0.18585618219628	3
SRR5548288	1.72748634156541	0.164030078803975	3
SRR5548289	2.00915891970087	0.545373535148866	2
SRR5548293	-0.534283496502481	1.64285492825138	2
SRR5548295	1.15191426142082	1.84477232471375	2
SRR5548297	2.70405786627028	0.567672696506083	3
SRR5548298	3.22552711234505	0.597959938583989	2
SRR5548299	2.84714559156053	0.504688655538616	3
SRR5548300	2.1037563982057	-0.0475839112899775	1
SRR5548301	2.98958963705926	3.2349569020681	3
SRR5548302	3.46472713360113	2.8707002634931	3
SRR5548303	3.30312969241446	2.95856431390884	3
SRR5548304	3.40818455852382	2.94490286118197	3
SRR5548305	3.53256161411843	3.294079215135	3
SRR5548306	3.48630575817386	3.16118801518998	3
SRR5548307	3.3794761981212	3.00701995814	3
SRR5548308	3.52186424744556	3.06977201228558	3
SRR5548309	3.15137811716733	2.62887787509999	3
SRR5548310	3.53214383416625	2.94278592672139	3
SRR5548311	3.41883216925725	2.9503259292142	3
SRR5548312	3.43208177432142	3.15710834154202	3
SRR5548313	3.41665951689865	2.92376300517836	3
SRR5548314	3.31919875437344	3.13232449450142	3
SRR5548315	4.49374635359514	4.17147193608957	3
SRR5548316	3.15125706293101	3.15270617929341	3
SRR5548317	4.40205083762535	4.20345203713775	3
SRR5548318	2.93349274139043	3.04063668903559	3
SRR5548319	4.21456827683866	3.57535612498328	3
SRR5548320	3.68571836645917	2.80435027926708	3
SRR5548321	4.3202689058727	3.65096887192539	3
SRR5548322	3.92379281257066	3.7309265911181	3
SRR5548323	4.11031746286329	3.77252464149799	3
SRR5548324	4.36235973738968	4.14528048838079	3
SRR5548325	4.15986299375523	4.57827959553041	3
SRR5548326	4.34254339366781	4.04831436087315	3
SRR5548327	3.252672130063	4.25661026467311	3
SRR5548328	3.56053037830256	3.91568871101751	3
SRR5548329	3.25518172129422	4.4353803263552	3
SRR5548330	3.57715737416403	3.83166563848253	3
SRR5548331	3.40633730547037	4.62805457360352	3
SRR5548332	3.5219942413347	3.69763989589457	3
SRR5548333	3.43249328419125	4.48401759646703	3
SRR5548334	3.61936273781889	4.34373846554693	3
SRR5548335	4.1862368007578	4.29612082394851	3
SRR5548336	3.37696938849023	3.61760459025897	3
SRR5548337	3.14161538131887	2.48195333427035	3
SRR5548338	3.33459433130933	3.73389619574242	3
SRR5548339	3.17818853916542	2.28547800795063	3
SRR5548342	1.81826295107983	1.07055439620554	3
SRR5548345	0.0130306748945386	1.18349580098295	2
SRR5548346	-0.424323591081055	1.55274781156259	2
SRR5548350	1.33864203778154	1.50528372597168	2
SRR5548352	2.1053453553002	1.39859454796358	2
SRR5548353	1.09347355990275	-0.771645078486052	2
SRR5548354	1.39612906856014	-1.09076717833578	2
SRR5548357	2.46034981361607	1.53498740582597	1
SRR5548364	1.55439407865231	-2.06834440771237	1
SRR5548371	3.92131866975927	2.19859135867038	3
SRR5548373	4.28527858385234	3.89158614526703	3
SRR5548431	1.49338018438969	-0.636277149302823	2
SRR5548432	1.75512498906328	-0.337063294330459	2
SRR5548433	1.45134743750024	-0.659745408399459	2
SRR5548434	2.0896028426024	-0.943539133624405	2
SRR5548435	1.52136536548367	-0.678704657130367	2
SRR5548436	2.07414140978351	-0.95139432939656	2
SRR5548437	1.69054195631312	-0.700891365513206	2
SRR5548438	2.17074300301529	-0.976683992341132	1
SRR5548439	2.18379082453633	0.667588793985699	2
SRR5548440	3.31103492253256	-0.0142428295814877	1
SRR5548441	2.70727437172867	0.375580529795835	2
SRR5548442	3.41891495520934	-0.0996679344679345	1
SRR5548443	2.68041113212624	0.386634163106935	1
SRR5548444	2.79435298891725	-3.69994173578256	1
SRR5548445	3.70338235984844	-3.90359031195568	1
SRR5548446	2.75790103271655	-3.46343401141688	1
SRR5548447	3.23970283466748	-3.61733467472203	1
SRR5548448	2.65671381694588	-3.43218509416883	1
SRR5548449	3.76600675545447	-3.6234207167145	1
SRR5548450	2.6324236560273	-3.55652618754114	1
SRR5548451	3.33729339669159	-3.47469405725308	1
SRR5548452	3.37817302813958	-3.30144993767092	1
SRR5548455	2.67526354215457	-3.21503523773313	1
SRR5548456	3.67252249567008	-3.91156584267262	1
SRR5548457	2.68622381149274	-3.56558675161195	1
SRR5548458	3.42004221429009	-3.81100697223636	1
SRR5548459	1.67790322169872	-3.12043778337091	1
SRR5548460	2.13655715153148	-3.28827890981096	1
SRR5548461	1.52485503904536	-3.57946159444874	1
SRR5548462	2.34836726946385	-3.59328216459789	1
SRR5548463	1.78137785531822	-2.93331890110494	1
SRR5548464	2.25226362342751	-2.78313901183104	1
SRR5548465	1.44452406232894	-3.17930812716871	1
SRR5548466	2.39176550139335	-3.28987694697272	1
SRR5548467	3.09392826467454	-2.17613706577526	1
SRR5548470	2.2032745100697	-4.1380083307286	1
SRR5548471	3.14071126980943	-4.32621531711266	1
SRR5548472	2.26099252141067	-3.65145579100687	1
SRR5548473	3.13259603971982	-4.21274734898026	1
SRR5548474	1.16957872595539	-2.76682051197223	1
SRR5548475	1.68176284268557	-1.97066478285874	1
SRR5548476	1.25099210388091	-3.04229452870422	1
SRR5548477	1.85835235653684	-2.59077039706974	1
SRR5548478	1.5595526309052	-3.03208607249566	1
SRR5548479	2.10961834660654	-2.35782201557543	1
SRR5548480	1.59043658551323	-3.15903930082818	1
SRR5548481	2.26468581900547	-2.75842360052958	1
SRR5548482	4.346446894257	2.09315939633744	1
SRR5548485	1.80487223627085	-3.35195532156337	1
SRR5548486	2.53552770403768	-2.82338453801617	1
SRR5548487	1.88417786861235	-2.95091661139528	1
SRR5548488	2.49330139139569	-2.85333436216681	1
SRR5548489	2.26516269376244	-2.0829312285042	1
SRR5548491	2.81747725612288	-2.10969757186134	1
SRR5548493	1.51458264830527	-2.70541654179388	1
SRR5548501	2.48255829127737	0.186344089195082	1
SRR5548503	1.14414055207368	-1.31907963764556	1
SRR5548508	2.63701225317627	-2.32273583013484	1
SRR5548510	3.47337652631292	-0.252022766571127	1
SRR5548513	1.11976461927296	-1.44546443032624	1
SRR5548515	2.85831999136522	0.0274637731872669	1
SRR5548794	0.518893808496444	-0.418644986884273	2
SRR5548796	0.831483224772688	0.458213549241314	1
SRR5548797	-0.828968330703232	-0.482204287157057	2
SRR5548798	-2.04171006435939	0.109452163695149	2
SRR5548799	-2.42811741479256	1.07814686291727	2
SRR5548800	-1.2236451149137	-0.352322725515833	2
SRR5548801	-1.59529088724576	-0.584381601435863	2
SRR5548802	-1.64792154238443	0.514527252525189	2
SRR5548803	-2.58509737966692	0.711718438418977	2
SRR5548804	-0.814916209903418	0.545468992533686	2
SRR5548805	-2.56889879709603	0.472506977213556	2
SRR5548806	-4.08006311757313	0.594568384892203	2
SRR5548807	-3.93854251541973	1.32957823560322	2
SRR5548808	-2.53665946230387	0.19894722572409	2
SRR5548809	-2.57968080255903	1.53802384668269	2
SRR5548810	-2.29838876804923	0.000637425080271904	2
SRR5548811	-2.57344886176949	1.38416202825241	2
SRR5548812	-2.63998448310118	0.216288914325565	2
SRR5548813	-2.57281667670272	1.38599294625714	2
SRR5548814	-2.37264367324152	0.4518991765009	2
SRR5548815	-2.54163858434511	1.77548597030542	2
SRR5548816	-2.91379656638039	0.468306276307802	2
SRR5548817	-3.02095563004195	1.69352899358715	2
SRR5548818	-1.41515241668802	-0.544234674540552	2
SRR5548819	-0.816301637437803	0.869916809198899	2
SRR5548820	-2.43535227939557	0.212749997964645	2
SRR5548821	-2.60643110828844	1.41632297216506	2
SRR5548822	-0.218816385512033	-1.16932115263962	1
SRR5548823	-1.68791276951808	0.831085115419325	2
SRR5548824	-0.599981145763674	-0.874716023359235	1
SRR5548825	-1.93718825620688	1.04045706144153	2
SRR5548826	0.215337024373791	-1.57139711146808	1
SRR5548827	-1.72856291197338	0.366596037156833	2
SRR5548828	0.26446002968673	-1.56945144863702	1
SRR5548829	-1.09115214609746	0.178673827643069	2
SRR5548830	0.477401662378323	-1.90485646322908	1
SRR5548831	2.08925400411022	-2.95446943240751	1
SRR5548832	-0.0144226783300584	-1.37239361125336	1
SRR5548834	0.857471182735671	-2.17586403694242	1
SRR5548835	1.63968896532515	-2.61369450944944	1
SRR5548836	-0.200901336992518	-1.11967874978026	1
SRR5548837	-1.33967471827567	0.283093121592793	2
SRR5548838	0.495000342294161	-1.75060126333586	1
SRR5548839	-0.955560960825749	0.116121781199841	2
SRR5548840	-1.43942299716519	-0.195851132882363	2
SRR5548841	-2.28450876678666	0.556250615612849	2
SRR5548842	-1.07492709331464	-0.54778971301735	2
SRR5548843	-2.30487673133709	0.515348212558734	2
SRR5548844	-0.379864520220037	-1.08447699811586	1
SRR5548845	-2.13752335091274	-0.0872713968288951	2
SRR5548846	-0.564437047735275	-0.831278886846607	1
SRR5548847	-1.7940218766578	0.271614825605064	2
SRR5548848	-0.3725670154561	-1.08939769086911	1
SRR5548849	-1.83479804871219	0.209924250810976	2
SRR5548850	0.0281062065438057	-1.6138010492298	1
SRR5548851	-0.805541759505758	-1.94862479624939	2
SRR5548852	-0.450539324215875	-1.00516827227487	1
SRR5548853	-1.96545009321612	0.486863722435893	2
SRR5548854	-1.57642884710226	0.544512730604456	2
SRR5548856	-0.417695302939253	-1.05532023885842	2
SRR5548858	-0.471256267756813	-1.78404343532857	2
SRR5548859	-2.04291551987238	0.216968898731077	2
SRR5548861	-2.41373321307113	0.845037999185305	2
SRR5548862	-1.00244835451951	-0.665856081238614	2
SRR5548864	-2.24840425961651	0.510268867951016	2
SRR5548866	-0.237280522144032	-1.19484782068601	1
SRR5548868	-0.18951608619736	-1.93562778658957	1
SRR5578906	-1.96396227942315	1.16925039293357	2
SRR5578907	-1.86406520282831	0.0980807966881597	2
SRR5578908	-1.66857430482307	0.56495811858613	2
SRR5578909	-0.909379266210159	-0.0422098096583758	2
SRR5578910	-2.39896958275863	0.230250733555843	2
SRR5578911	-2.28719370319381	0.102871086596704	2
SRR5578912	-0.33493745252082	-1.32927581232255	1
SRR5578913	-1.67662244650814	-0.859497859676169	2
SRR5578914	-1.83574890636256	0.365159415926778	2
SRR5578915	-1.46546143046976	0.10560797580816	2
SRR5578916	-0.279085492534142	-0.705663955748218	2
SRR5578917	-1.02451934774552	-0.0694731880583179	2
SRR5578918	-2.03159788986309	0.0374931051335039	2
SRR5578919	-1.13930910595341	0.334832485288302	2
SRR5578920	-0.354256828930583	-0.693943316973195	1
SRR5578921	-1.88799993196732	0.135592434586422	2
SRR5578922	-1.58827110367284	0.944235575072175	2
SRR5578923	-2.57745826023589	0.790050111816459	2
SRR5578924	-2.15823502823146	0.408343017458745	2
SRR5578925	-3.00557161924383	1.12130392800299	2
SRR5578926	-2.23911724652946	1.35401054750183	2
SRR5578927	-2.21493100776086	1.08007282216019	2
SRR5578928	-2.40814956650142	0.981482934738177	2
SRR5578929	-0.964763196272797	-0.959051630876143	2
SRR5578930	-2.13893334689519	0.297577106263609	2
SRR5578931	-1.35313543840224	-0.280719543431022	2
SRR5578932	-1.91721517216415	0.950966259385304	2
SRR5578933	-2.65291401812523	0.0613005243020147	2
SRR5578934	-0.849200267342988	0.131333324758985	2
SRR5578935	-0.566869121651349	-0.959378925928218	1
SRR5578936	-2.28154177907157	0.0652129113589543	2
SRR5578937	-1.05508605620969	0.167562500575951	2
SRR5578938	-1.02926763810556	-0.638367143852712	2
SRR5578939	-0.492227052901672	0.0384051913130925	1
SRR5578940	-1.09860562929452	-0.693788903362683	2
SRR5578941	-0.959643188596038	-0.34358121393804	2
SRR5578942	-2.82187329288898	-0.145729157342994	2
SRR5578943	-0.452703741763815	-1.16314464401534	1
SRR5578944	-0.694513742902503	-0.184627398251305	2
SRR5578945	-1.84796570637247	1.45492496592377	2
SRR5578946	-0.271627194634831	0.160316741014468	2
SRR5578947	0.200767692994023	-0.0846665542164836	2
SRR5578948	-2.50296727331716	0.337920914392766	2
SRR5578949	-1.16060208370476	-0.326577649010323	2
SRR5578950	-0.922230151684091	-1.02283508411676	2
SRR5578951	-1.71499428445006	-0.663840519729592	2
SRR5578952	-0.614261199699491	0.380324270654802	2
SRR5578953	-1.72349005114312	0.432994270316018	2
SRR5578954	0.511647471101798	-0.0659202548313349	1
SRR5578955	1.42662413108089	0.165929141090791	1
SRR5578956	-1.38091925392691	-0.382019383543403	2
SRR5578957	-3.19954544452997	0.549455642227744	2
SRR5578958	-0.706887186633048	-0.819870292155256	1
SRR5578959	0.630714664356335	-0.240936026649669	1
SRR5578960	-1.76329986070681	-1.17135955596606	2
SRR5578961	-2.183955178436	-0.138178833583268	2
SRR5578962	-0.6292743116576	0.0320663844590314	2
SRR5578963	-2.05015674083236	0.45335111497682	2
SRR5578964	0.0782649044086551	-0.729533074691431	1
SRR5578965	-3.12096824775061	0.516413590980021	2
SRR5578966	-0.00886846332739966	-1.18694751585497	1
SRR5578967	-2.13691954317504	-0.464607088947585	2
SRR5578968	-1.25851627538394	-0.0852612301937566	2
SRR5578969	-3.32627334591	1.63958162497878	2
SRR5578970	-1.22252977468885	-0.620113612094056	2
SRR5578971	-1.61514880246213	-0.140437269212192	2
SRR5578972	-0.880096211176628	-1.03709544177116	2
SRR5578973	-1.73151943534889	-0.516736019708734	2
SRR5578974	-2.62699357460225	1.64888660298865	2
SRR5578975	-1.82651766426474	0.692695573814053	2
SRR5578976	-1.65432286441526	-0.35716828478991	2
SRR5578977	-2.24423629979365	1.24336005979209	2
SRR5578978	-3.63447601155129	1.30557985215481	2
SRR5578979	-2.68810858158734	-0.10392217263044	2
SRR5578980	-1.68688829195384	0.241767157129565	2
SRR5578981	-1.63394120577042	0.747799434266798	2
SRR5578982	-2.42087621616785	0.386701019180304	2
SRR5578983	-2.17374660795869	-0.357904547379963	2
SRR5578984	-0.823093923683502	-0.0481100463308229	2
SRR5578985	-0.282302054229789	-0.469946610402609	1
SRR5578986	0.705025064740832	1.41765416583443	2
SRR5578987	-1.24803968120472	-0.61253824228257	2
SRR5578988	-0.230051245194807	-0.099433399047009	1
SRR5578989	-0.405287632877652	-0.536374982775701	2
SRR5578990	-0.950720537991031	-0.882689498126789	1
SRR5578991	-0.754236442148381	-0.160296088169491	2
SRR5578992	-1.99180844767233	-0.155220181986914	2
SRR5578993	-0.208288492542045	0.293261324340706	2
SRR5578994	-3.80816688528663	1.2178491498785	2
SRR5578995	-1.17949178077155	-0.463999926277909	2
SRR5578996	-2.88239126083737	2.37208679624472	2
SRR5578997	-2.27304282011639	0.380100740348966	2
SRR5578998	-2.74680463925737	0.72637727471605	2
SRR5578999	-2.40869332846471	0.126036312353315	2
SRR5579000	-2.31790998346192	-0.0395247869049482	2
SRR5579001	-0.198134925582175	-1.01028725414275	2
SRR5579002	0.386720513111498	-0.46594292591738	1
SRR5579003	-0.686926752980163	-0.441444904900676	2
SRR5579004	-1.47857004124544	-1.06038326746626	2
SRR5579005	-2.40921378994466	0.579612701920583	2
SRR5579006	-0.10701567388085	-1.28021554816172	1
SRR5579007	-2.31604398781475	1.26922783303363	2
SRR5579008	-2.37123040630245	0.511736641500669	2
SRR5579009	-1.4394098181354	0.453737818165699	2
SRR5579010	-0.253817437546174	1.24633886998007	2
SRR5579011	-2.43659549247549	0.115190411418584	2
SRR5579012	-0.813095935375052	-0.595039148366315	1
SRR5579013	-0.849817592204629	-0.0707844077536991	2
SRR5579014	-3.29258374754571	1.33846189412349	2
SRR5579015	-2.22966457720993	0.631966776348736	2
SRR5579016	-2.92732545284601	1.27751074777987	2
SRR5579017	-3.30162354401206	1.4777064943947	2
SRR5579018	-2.09992515875215	-0.204196287046241	2
SRR5579019	-0.0766895315442353	0.513088158872187	2
SRR5579020	-0.68155266321468	0.32485236475964	2
SRR5579021	1.13785546146529	-0.843146792463413	1
SRR5579022	-1.68374596759622	-1.17418618853006	2
SRR5579023	0.430689493607931	-0.61339734840706	2
SRR5579024	-2.00759823545447	1.67668265198773	2
SRR5579025	-1.96782670518086	1.8272284387582	2
SRR5579026	-0.646703764488965	-0.558779846686026	1
SRR5579027	-2.64665994046571	1.36232389157851	2
SRR5579028	-3.43478096859394	1.06015216284776	2
SRR5579029	-1.77168873247153	0.0404144523191898	2
SRR5579030	-2.42317619812105	0.625993061227275	2
SRR5579031	-4.16243508404289	1.93373795216719	2
SRR5579032	-2.43913008933238	0.969180942530189	2
SRR5579033	-3.29689227614618	1.43456509597627	2
SRR5579034	-1.55871468254409	0.0308197689471195	2
SRR5579035	-2.06943255436724	0.0282869289362255	2
SRR5579036	-1.60084605413969	0.0629402894787325	2
SRR5579037	-2.37437956912964	0.784178018396343	2
SRR5579038	-1.696852155281	0.0966124801090089	2
SRR5579039	-2.21392382047455	0.42876639909328	2
SRR5579040	-3.10694974941109	1.01061621442173	2
SRR5579041	-0.559832201740816	1.2319909224243	2
SRR5579042	-2.14667202306052	-0.190511042438875	2
SRR5579043	-2.98591714432604	0.795635674797035	2
SRR5579044	-1.88703770690693	0.648176986596549	2
SRR5579045	-0.459927545734431	-1.42710950136161	1
SRR5579046	-1.35821285491507	-0.295027596909551	2
SRR5579047	-0.341204108007499	-0.170231351724265	2
SRR5579048	-0.570723324590838	0.630490765028302	2
SRR5579049	-3.21098088483006	1.28299120514026	2
SRR5579050	-2.88379749614701	1.31973442664494	2
SRR5579051	-0.199898806251091	-0.544236058356073	1
SRR5579052	-1.88519666867475	0.655837495520399	2
SRR5579053	0.58850602931653	-0.438489829130672	2
SRR5579054	-2.43133475328576	0.73738686734509	2
SRR5579055	-2.11485336769537	0.0746200749777402	2
SRR5579056	-1.31061662443068	-0.290716804357798	2
SRR5579057	-0.579692478550046	-1.32082068786768	1
SRR5579058	-2.30743806795083	1.25358338455209	2
SRR5579059	-0.782337119898087	0.133363596320267	2
SRR5579060	-1.82676515068629	0.310969660952931	2
SRR5579061	-0.616269681634637	-0.807674286528022	1
SRR5579062	0.300513257877498	0.283814103823861	1
SRR5579063	-1.15323262757004	-0.522474122016747	1
SRR5579064	-1.31161072058293	-0.590227590905251	2
SRR5579065	-0.781778435988397	-0.724406284810677	2
SRR5579066	-3.86008734662439	2.33273150656652	2
SRR5579067	1.10624146379373	-1.51470337709079	1
SRR5579068	0.0138293725177329	-0.988944215199718	1
SRR5579069	0.667980152426632	-1.00668998617442	1
SRR5579070	-1.17695594192159	-1.17988670936672	2
SRR5579071	-0.567454470421093	-0.938937835219843	2
SRR5579072	-2.12326611984591	0.445830237293247	2
SRR5579073	-1.68288731215606	-0.204159554278485	2
SRR5579074	-1.33374854497937	-0.736918948728582	1
SRR5579075	0.264114435004232	-0.142444138997707	1
SRR5579076	-0.714741338653152	-0.627899199099731	2
SRR5579077	-2.46627230163998	0.574308109250179	2
SRR5579078	-0.934536491999587	-0.580599149036244	2
SRR5579079	-1.36504949459232	-0.122082178572545	2
SRR5579080	-0.0598018580651713	0.631594510017387	2
SRR5579081	-1.78214628788274	0.688209720439097	2
SRR5579082	-1.90634793500776	-0.730930726778173	2
SRR5579083	-1.08325881964487	-1.15272321595979	2
SRR5579084	-1.12259121091825	-0.648905947433918	2
SRR5579085	-1.79747326561493	-0.55914413794846	2
SRR5579086	-0.824393518968514	-0.699035097272368	1
SRR5579087	-2.13283554353005	-0.304708654324602	2
SRR5579088	-1.62651935714275	0.194702307391014	2
SRR5579089	-1.9713562041208	0.269033106774132	2
SRR5579090	-1.25386844467666	-0.154673519272731	2
SRR5579091	-0.496831038216438	-1.21704915942603	2
SRR5579092	-2.20809605483888	1.14271113711411	2
SRR5579093	-1.55874650275779	-0.480310725979284	2
SRR5579094	-0.437384912031849	-0.131858405290848	1
SRR5579095	0.0446798605113117	-1.55416254543992	1
SRR5579096	-2.37491745230655	0.197899951410895	2
SRR5579097	-1.81555653405029	0.249401004179535	2
SRR5579098	0.649171922002788	-0.571143912534518	1
SRR5579099	-1.82319665349758	-0.284268085901824	2
SRR5579100	-0.602516435172196	-0.600129731708957	2
SRR5579101	-1.34543744243257	-0.557691691382253	2
SRR5579102	-0.55864240294053	-0.88810840725721	2
SRR5579103	-2.40208471274623	0.760645360102018	2
SRR5579104	-2.77481140255004	1.45774363129656	2
SRR5579105	0.805083463142148	0.70170017838393	1
SRR5579106	-1.09974251143063	-0.0981176759105225	2
SRR5579107	-0.825048101363296	-1.08126745804352	2
SRR5579108	-1.55262800955875	0.442174582719686	2
SRR5579109	-0.813092369494724	-0.495490125330133	1
SRR5579110	-1.64753704309415	-0.0176980000728272	2
SRR5579111	-1.79623057826397	-0.369248358450128	2
SRR5579112	-2.44305994497063	0.942906563429511	2
SRR5579113	-0.736999509679888	-0.368492654283808	2
SRR5579114	-1.20147313516102	-0.540235724718494	2
SRR5579115	-0.208955157357056	-0.592136719943516	1
SRR5579116	-1.77911803986076	-0.2931660837451	2
DRR100563	-0.540912657759627	-0.648824093384581	1
DRR100565	-1.23971657311265	-0.714164887569365	2
DRR100566	-2.54223391741271	1.01242559347708	2
DRR100572	-0.543163504250623	-1.55210277092193	1
DRR100573	-0.585407476354039	-1.41128092706622	2
DRR100574	-0.632749641210645	-0.665952923570897	2
SRR13174100	0.277613150062595	-1.54681611679267	1
SRR13174099	-0.959242149493734	-1.30091731940203	2
SRR13174088	0.547267157398112	-1.77847500712105	1
SRR13174077	-1.4543451355696	0.707249814717632	2
SRR13174068	-2.96971660752472	-0.782302904653754	2
SRR13174067	-1.039642106153	-0.707272279012217	2
SRR13174066	0.624357343645983	-1.73160603751261	1
SRR13174065	0.499770186540968	-0.0181372245341367	2
SRR13174064	-0.143458072966873	-0.503782393910594	2
SRR13174063	-0.0786593402749712	-0.661212753219771	2
SRR13174098	-0.698524399503823	-1.346724300124	2
SRR13174097	0.110609056409726	-0.189968913024082	2
SRR13174096	-0.160927216929124	0.154518582653122	2
SRR13174095	1.66681165842282	-2.44506924166682	1
SRR15400842	-0.381136097032522	-1.02383609138806	2
SRR15400843	0.765791703103533	-2.42562013264169	1
SRR15400844	-0.667030364397186	-0.0383269359734147	2
SRR15400845	0.366261388469192	-2.00212439505298	1
SRR15400846	0.183917972890526	-0.591422541903247	2
SRR15400847	-1.37900436027975	-0.474650788256934	2
SRR15400848	0.00336227569775662	-1.34184679967469	1
SRR15400849	-1.05853454999371	-2.60832785172697	1
SRR15400850	-0.937639135392113	-1.26092667467444	2
SRR15400851	-0.888690855410765	-1.21916147431593	1
SRR15400852	-1.35664914841673	-0.112668677656921	2
SRR6505416	2.12779431082493	-0.937130990536418	1
SRR6505417	2.17494748865059	-2.11905719654308	1
SRR6505424	1.36942996509236	0.25091676384085	2
SRR6505425	1.65886314024576	-2.70812512661953	1
SRR6505426	0.477559146612193	-0.939394668033775	1
SRR6505427	1.81787272588814	-0.0421875820315694	1
SRR6505428	1.54399256746806	-3.32958398405871	1
SRR6505429	1.76309977351828	-2.25713141957993	1
SRR6505430	0.456922177951078	-0.975328461514711	1
SRR6505431	2.4351314746888	-1.36729233999945	1
SRR6505433	1.6804677316938	-1.96450373717392	1
SRR6505447	2.70439597639778	-2.58419135858846	1
SRR6505453	0.920803532118125	-1.54754507852659	1
SRR6505456	1.48735657677192	-1.87953464316933	1
SRR6505468	2.9474769651155	-0.338507541792432	1
SRR6505469	1.71483448662701	-1.35929474112058	1
SRR6505470	2.05030023053725	-1.54606176285222	1
SRR6505471	2.25955343397405	-0.721906687995018	1
SRR6505472	3.84948496385804	-0.112115106020285	3
SRR6505473	5.01204635317278	0.115353171169156	3
SRR6505474	0.878988956472343	-1.58475675307406	1
SRR6505475	3.09677427290586	-0.145946321637067	1
SRR6505476	2.83167368556798	-1.13037174402022	1
SRR6505477	2.03685147263521	-2.63984077805953	1
SRR6505478	2.01678437045784	-2.22357023958003	1
SRR6505479	2.11510559748589	-2.36745738479171	1
SRR6505502	2.6049314369594	-1.30188733852555	1
SRR6505507	2.76153498039181	-1.06093435964637	1
SRR6505508	2.48711195367731	1.68409227312469	3
SRR6505512	0.391796222320885	-0.591908535502697	1
SRR6505513	2.12996237564914	-0.741546933298684	1
SRR6505514	2.13872984111633	-1.16341241445893	1
SRR6505515	1.77365485450323	-0.952220866492218	1
SRR6505519	2.28940066667946	0.611183724062137	3
SRR6505522	1.80839495094734	-1.99604002839212	1
SRR6505523	3.66124056414821	0.15298657325225	3
SRR6505533	2.97238000386643	-2.96978432054601	1
SRR6505534	3.95783704764436	-0.0219038513991963	3
SRR6505546	3.49520868322172	0.989415750158727	3
SRR6505547	3.22226784074017	0.823615484185197	3
SRR6505548	1.80418064432014	-3.39808752620365	1
SRR6505549	3.39217234903888	0.766267069809774	3
SRR6505550	1.44943623983584	-2.19510260170102	1
SRR6505551	1.1672014616882	-2.02302628337813	1
SRR6505552	-0.342350127735705	-1.53058296941418	1
SRR6505553	2.22896090765768	-1.44309845257296	1
SRR6505554	2.47971579683737	-1.54590732034355	1
SRR6505555	2.42821477024709	-1.4703846042769	1
SRR6505556	2.21282210800482	-1.50263170461375	1
SRR6505557	1.81209795347504	-1.55869953003387	1
SRR6505558	0.82544341711196	-0.484821637468665	1
SRR6505559	2.18791558659384	-1.90609277926085	1
SRR6505560	1.70584798150744	-0.565493476214325	1
SRR6505561	1.30717675832028	-0.470639161130729	1
SRR6505564	2.32331926741438	-0.968305942633392	1
SRR6505565	2.19124495768634	-1.53010481484025	1
SRR6505589	0.376745073802511	-1.77831985913111	1
SRR6505590	0.276688627098966	-1.53104345705068	1
SRR6505591	0.972164812661451	-2.5580554298507	1
SRR6505592	0.793714675688693	-1.90596160488228	1
SRR6505593	2.69095235536171	-1.42318809594956	1
SRR6505594	0.848883944786839	-1.0535664495355	1
SRR6505595	1.56029857141878	-2.36996695535716	1
SRR6505596	2.19651345243297	-1.92396105814049	1
SRR6505597	2.39610997037415	-0.864760241200144	1
SRR6505598	2.99287621900395	-0.563180711711875	1
SRR6505599	0.810188083547035	-0.929581760860682	1
SRR6505600	1.38853560198633	-1.79532196108927	1
SRR6505601	2.11324488047907	-0.463831419715129	1
SRR6505602	3.0230828730908	0.194345666884595	3
SRR6505603	2.45618439964618	-0.199131754699148	1
SRR6505604	2.68097619796948	-0.067941240387089	3
SRR6505608	2.54015464253393	-0.620133044621413	1
SRR6505628	1.98581425884317	-1.06733346680426	1
SRR6505629	2.15303479003969	-3.75909830839113	1
SRR6505630	2.8745591128277	-0.979839473558156	1
SRR6505631	2.3682274292509	-2.43328648177072	1
SRR6505632	0.785756245068406	-1.45089949071476	1
SRR6505633	2.83374070764149	-1.01286492350835	1
SRR6505634	1.42582469248422	-1.87023112811312	1
SRR6505635	2.46132064527521	-1.86172158652348	1
SRR6505636	1.89287629504132	-2.30172802900478	1
SRR6505637	1.31126753855513	-1.21138664381509	1
SRR6505639	2.82458773860403	-0.827099881396306	1
SRR6505640	1.29717990188048	-2.69298906153494	1
SRR6505641	2.33277409203366	-1.58989131034127	1
SRR6505642	2.65421680797991	-2.23666124289382	1
SRR6505644	1.54475217720817	-1.59209371404258	1
SRR6505645	2.62419363961705	-1.59918582901746	1
SRR6505646	2.20121996299667	-1.10928363895538	1
SRR6505658	1.96613024345767	-1.10930157851829	1
SRR6505665	3.44855393939571	0.284703489400614	3
SRR6505666	2.23261117810387	-0.357910245679228	1
SRR6505667	0.912703108509966	-0.0802712920069403	2
SRR6505669	0.965123017250874	-0.763996310993555	1
SRR6505670	2.51881637819878	-1.91783123271487	1
SRR6505671	2.23962864908324	-1.0276881243589	1
SRR6505672	1.72326633635617	-0.252904957706845	1
SRR6505673	-0.562134147261813	-1.1312946699851	2
SRR6505674	-2.47348508879482	-0.352003207157515	2
SRR6505675	1.42497791491595	-1.11344370344348	1
SRR6505676	0.823472322072469	-1.49017370314607	1
SRR6505678	0.610367287299554	-1.91415494289294	1
SRR6505679	0.37437571037214	-1.79378242810072	1
SRR6505680	1.47539362724472	-1.82155360749135	1
SRR6505690	2.28048038931715	-2.18505616090079	1
SRR6505691	2.12726591274158	-3.72125217267785	1
SRR6505692	2.58212896719335	-2.26014089887648	1
SRR6505693	2.69012511185302	-3.6065575895109	1
SRR6505696	2.21222519170406	-2.55549046914449	1
SRR6505697	1.5712960343838	-2.26295107029405	1
SRR6505698	0.757170256204027	-1.67065872326698	1
SRR6505699	0.813748445000127	-1.63010315136036	1
SRR6505700	1.06261528272715	-1.14308834342057	1
SRR6505701	0.739475896107309	-1.22785352828777	1
SRR6505705	0.932609758981516	-2.67144998713724	1
SRR6505706	2.1139899883551	-1.6444563050901	1
SRR6505707	2.12283120621704	-1.41619539585647	1
SRR6505708	0.445224846519112	-1.66751441358688	1
SRR6505709	2.09127591071394	-2.16821467524762	1
SRR6505710	1.93290386068108	-2.82180738303961	1
SRR6505711	1.47949256146414	-1.62454433413786	1
SRR6505712	-0.0490113646919966	-0.0816849011735629	2
SRR6505713	1.03103617994717	0.0686385382589465	2
SRR6505714	-0.4361464617784	-1.98429985413872	1
SRR6505715	1.13098948441719	-2.16686948417852	1
SRR6505716	0.0850318074332004	-0.534193114987751	2
SRR6505717	-0.987293140895812	0.185690572434489	2
SRR6505718	3.0000595440452	-1.27710771628502	1
SRR6505729	-0.446500505485989	-1.35957242720193	1
SRR6505730	2.53827265501721	-1.22893962170686	1
SRR6505731	2.13768737208972	-3.18915272323782	1
SRR6505732	2.23373453835585	-0.96706639896236	1
SRR6505733	2.20191897042885	-1.5475316230371	1
SRR6505734	2.43423012987594	-3.69062186023086	1
SRR9008966	3.32678075576713	-0.772566349638523	3
SRR9008967	1.74836432162163	-1.54774849172894	1
SRR9008968	3.64776041371661	0.778040949071245	3
SRR9008969	1.88115540898629	-1.10402666811378	1
SRR9008976	3.45507165078145	-0.76412340671959	1
SRR9008977	3.14391447670036	0.311700695964301	3
SRR9008978	2.89423369503705	-1.92616357109974	1
SRR9008979	2.98687378341994	-1.38669766503869	1
SRR9008980	3.09534283394002	-0.491646381521548	1
SRR9008981	0.20243980099337	-0.924111084118266	1
SRR9008982	2.85642783826072	-1.47706483311958	2
