name	Bacteroides uniformis	Clostridioides difficile	Clostridium paraputrificum	Clostridium perfringens	Odoribacter splanchnicus	Ruminococcus gnavus	Biosynthesis_of_secondary_metabolites	Methane_metabolism	Fructose_and_mannose_metabolism	Pathways_of_neurodegeneration_-_multiple_diseases	Glycolysis_/_Gluconeogenesis	Starch_and_sucrose_metabolism	"Phenylalanine,_tyrosine_and_tryptophan_biosynthesis"	Galactose_metabolism	Thiamine_metabolism	AMPK_signaling_pathway	Bacterial_invasion_of_epithelial_cells	Thyroid_hormone_signaling_pathway	Other_glycan_degradation	TNF_signaling_pathway
SRR3143900	9.093191152	0	0	0	0.616521573	0	17.26778415	1.439008198	1.764635859	0.046392412	2.332588803	2.447565338	1.339616689	2.100065637	0.93413478	0.197520517	0.000743202	0.196701167	1.205235488	3.7E-59
SRR3143933	7.264091042	0	0	0	0.84008987	0	16.68306086	1.416051508	1.644228837	0.053141795	2.260663106	2.297197621	1.269874119	1.957140971	0.856267146	0.182107179	0.011212419	0.177316638	1.043368504	2.61E-58
SRR3143944	0	0	0	0	0.609975136	0.172568023	17.2656758	1.313652032	1.859324637	0.109721423	2.27117087	2.384189595	1.284408495	2.229710192	0.967861546	0.153769212	0.001814385	0.148346512	1.669308194	0
SRR3143946	21.61184843	0	0	0	0.353914214	1.945245881	16.90449882	1.374651464	1.666435098	0.052798711	2.240574398	2.48737785	1.286111902	1.989141551	0.914275541	0.184905255	0.002148967	0.17738934	1.012409522	0
SRR3143947	42.11569443	0	0	0	0.479838663	0.343073054	17.30872007	1.388731689	1.76750582	0.038886816	2.377633098	2.679765047	1.294829135	2.208183063	0.953513114	0.173664866	0.001445695	0.16895274	1.155316182	0
SRR3143948	22.93673746	0	0.163943486	0	0.300870067	1.000239468	16.65255985	1.307029565	1.558548119	0.061936255	2.168949027	2.488998477	1.25504443	2.033611485	0.900620834	0.17280655	0.001204647	0.169456115	1.132389501	0
SRR3143949	30.55770641	0	0.169125438	0	0.359646263	0.534884669	17.38840818	1.360604479	1.72320547	0.067594573	2.318272802	2.538985606	1.301033343	2.2703398	0.971556887	0.165467225	0.00141323	0.161512951	1.433345994	0
SRR3143950	16.31850474	0	0	0	0.403839648	0.384810555	17.14456117	1.367104291	1.642842365	0.060953644	2.264376985	2.372006147	1.279823385	2.095720175	0.938225524	0.18075273	0.002629288	0.176258299	1.320996606	3.52E-09
SRR3144042	22.49308669	0	0.02013585	0	0.538298386	0.684618895	17.37552915	1.428005964	1.747219007	0.060416585	2.324765133	2.466683763	1.316819405	2.091857799	0.935274043	0.179778206	0.002451711	0.171160866	1.181700816	1.77E-08
SRR3144056	7.777674115	0	0.021458226	0	1.519802211	0.022391193	16.80029804	1.453026647	1.659139545	0.048416058	2.261689341	2.264794419	1.296278906	1.882813585	0.914202737	0.199613805	0.000808009	0.190887747	1.119239565	0.00000644
SRR3144066	6.747121616	0	0.004058826	0	0.77523575	0	16.99350901	1.406916574	1.680555516	0.05218034	2.244550553	2.266925702	1.287879927	2.013697805	0.953572059	0.196519498	0.000542971	0.193449318	1.430554614	0.000000725
SRR3144068	5.111257722	0	0	0	0.783302345	0	17.38147522	1.439864165	1.772644404	0.055807885	2.311939008	2.190758856	1.320974606	2.13732172	0.989979662	0.192350759	0.000280869	0.190593731	1.750083608	0.000000812
SRR3144071	14.69684009	0	0.022189492	0	1.825970067	0.105480483	17.22665233	1.502722139	1.737129752	0.04223515	2.349417881	2.255579684	1.332229948	2.019445809	0.950750896	0.196607359	0.000821746	0.187379488	1.29121766	0.00000632
SRR3144090	5.804181683	0	0.287374177	0	1.196097925	0.037280974	16.80429731	1.428253529	1.600347785	0.06319234	2.200436466	2.144582247	1.316623805	1.829033608	0.904698921	0.189604681	0.002338222	0.175714531	1.099209315	0.00000302
SRR3145342	0.622941154	0	0	0	0.169193894	0.080751631	16.37696311	1.36009145	1.516604462	0.040847185	2.1027145	2.094831138	1.334221741	1.570348397	0.885699528	0.195006069	0.001439313	0.187672509	0.710200598	0.00000212
SRR3145357	1.049772969	0	0	0	0.931369354	0.204653588	16.54148141	1.390161195	1.571172251	0.04319531	2.135046898	2.171547889	1.34112579	1.699859557	0.928934167	0.198226857	0.001418758	0.192161466	0.819065857	1.98E-08
SRR3145358	2.970653172	0	0	0	1.034457096	0.133958473	16.63531822	1.405246193	1.668998034	0.049842507	2.198163542	2.234280363	1.301613127	1.800260831	0.90831117	0.199437602	0.001556664	0.195478303	1.016019536	6.86E-59
DRR100563	1.378000682	0	0	0	0	0.282417101	15.59973088	1.312605541	1.399308952	0.036515645	1.989048134	2.462821882	1.221722661	1.661343518	0.85802657	0.227969186	0.00143352	0.227448168	0.453358886	0
DRR100572	18.82276843	0	0	0	0.265200517	0.132600259	16.23327975	1.30913107	1.363202238	0.021453175	2.175284812	2.467942473	1.203577419	1.810405552	0.866995617	0.199872587	0.000914885	0.195898418	0.682137238	3.73E-10
SRR13174100	29.4443717	0	0	0	0.148400332	0	17.00055424	1.378305294	1.55384878	0.03353618	2.326056835	2.682831228	1.288601313	2.384620511	0.973211579	0.171082111	0.000217412	0.168152301	1.250789049	0.00000022
SRR13174088	15.03069745	0	0	0	0.228388998	0.13629666	16.50462849	1.451118182	1.558107923	0.043813951	2.280778449	2.179053239	1.238181796	1.912740124	0.911110421	0.176188847	0.00609242	0.165176954	1.025552453	9.33E-08
SRR13174066	16.92888743	0	0	0	0.112456105	0.027583573	16.72411521	1.429178687	1.66284671	0.038081936	2.316572439	2.397887212	1.282681314	2.040223653	0.942565681	0.207841739	0.000562272	0.192720684	1.099542714	0.000000351
SRR13174095	19.03481867	0	0	0	0	0.406658166	16.94162857	1.435151574	1.699874449	0.033496128	2.399268465	2.358724841	1.316472212	2.048269213	0.927641063	0.216062963	0.001305816	0.211402371	1.040478137	0
SRR15400843	1.091018495	0	0	0	0.209019508	0.077590575	16.0136984	1.282204582	1.302591207	0.050367769	2.016754403	2.111103012	1.146930182	1.691085143	0.849029383	0.177961835	0.000274255	0.168579609	0.884920687	4.48E-09
SRR15400845	10.67908977	0	0	0	0.132592725	0	16.50132568	1.414255955	1.350250482	0.029332526	2.166212404	2.167960274	1.294779794	1.808256906	0.941445818	0.194458304	0.000260433	0.186617459	0.950073279	0.000000207
SRR15400848	16.31803946	0	0	0	0	0	16.33770178	1.340692507	1.627753739	0.020065124	2.207511727	2.474287619	1.238332032	1.873607526	0.915640074	0.233098141	0.00034281	0.216390907	0.799383785	2.69E-08
SRR15400849	0	0	0	0	0	1.712534151	16.09401002	1.408722433	1.633706069	0.030989001	2.231048967	2.199880804	1.296119254	1.783344271	0.883164244	0.22973196	0.002171687	0.229337237	0.88685742	0
SRR15400851	16.67227173	0	0	0	0.067260804	0	16.35529147	1.393471667	1.474771801	0.030783088	2.258316894	2.370767767	1.203206658	1.85488622	0.873557517	0.197998694	0.000609707	0.189954718	0.782470246	0.00000067
ERR4837018	1.632653061	0	0	0	0	0	15.62909802	1.837763264	1.888860288	0.087326793	2.329781885	2.046505583	1.050447025	1.724101105	0.910284764	0.201501266	0.0000107	0.212805996	0.618717306	0
ERR4837020	6.809421842	0	0	0	0	0	15.1033803	1.354071822	1.601560631	0.038805616	2.227746551	2.264797387	1.18131413	1.539931203	0.901481949	0.265113939	0.000349851	0.203990093	0.432574744	0
ERR4837022	5.412719892	0	0	0	0	0	15.8165039	1.50152443	1.699413401	0.056280897	2.156505502	2.393831553	1.220298441	1.745861124	0.894558834	0.21575028	0.000998219	0.19896037	0.538520499	0
ERR4837023	8.253836582	0	0	0	0	0	15.69458828	1.359081518	1.645454257	0.041004618	2.247831934	2.260371795	1.210156375	1.778105998	0.934758805	0.250523455	0	0.204207191	0.740278414	0
ERR4837024	8.030669895	0	0	0	0	0	15.82740145	1.299949654	1.436796696	0.032261383	2.035691562	2.52937412	1.2890722	1.905820476	0.971869066	0.228058471	0.000245329	0.208449088	0.622206861	0
ERR4837040	41.99451052	0	0	0	0	0	16.65768421	1.463016175	1.882072443	0.017255043	2.406178333	2.719797887	1.273485022	2.208537299	1.009913527	0.229688583	0.000305313	0.20548115	0.960986709	0
ERR4837041	17.97207043	0	0	0	0	0	15.79468551	1.385648981	1.733288157	0.030366615	2.27019876	2.538206786	1.242187267	1.816934987	0.912251187	0.243233216	0.000000192	0.200903884	0.572714512	0
ERR4837042	3.602305476	0	0	0	0	0	15.67017685	1.358687485	1.513990644	0.035718265	2.081970669	2.326525401	1.246550741	1.866004769	0.986314534	0.227715472	0.001281912	0.206406276	0.634123593	0
ERR4837044	14.58581054	0	0	0	0	0	16.49433235	1.34828187	1.617883937	0.024863433	2.124476141	2.649033648	1.321384465	2.141088967	1.057271955	0.216781605	0.001007234	0.211469795	0.834786491	0
ERR4837045	55.04971219	0	0	0	0	0	17.39802423	1.459486438	1.913549199	0.011623468	2.463230886	2.936672998	1.323529829	2.4915157	1.049769793	0.216821647	0.000484838	0.206333474	1.243171686	0
SRR064846	0	0	0	0	0	0	12.45980079	1.177784909	1.448999272	0.175922514	1.573519826	1.425943443	0.807326354	1.199223366	0.539501556	0.070786828	0.12700211	0.047100075	0.309951093	0
SRR064848	0	0	0	0.132541082	0	0	0	0	0	0	0	0	0	0	0	0	0	0	0	0
SRR064849	0	0	0	0	0	0	13.90184137	1.12136674	0.846130818	0.336778088	1.540097355	1.07742384	0.999683656	0.785616581	0.517195683	0.077992981	0.012645936	0.052175027	0.264940729	0
SRR064851	0	0	0	0	0	0	0	0	0	0	0	0	0	0	0	0	0	0	0	0
SRR064852	0	0	1.88484222	0	0	18.19784763	15.64587685	1.319189375	1.7807214	0.087336738	2.26719315	2.642019854	1.139952138	2.040927354	0.81411332	0.167962541	0.019509676	0.160895798	1.134741917	0.0000832
SRR064854	0	0	2.400948424	0.005977465	0	16.80863146	0	0	0	0	0	0	0	0	0	0	0	0	0	0
SRR064855	0	0	2.941534343	0	0	9.338687108	15.38104338	1.307072483	1.762763356	0.087657744	2.257440819	2.615348664	1.093812378	1.967870702	0.814072276	0.158320049	0.025774699	0.150702349	1.049711966	0.0000646
SRR064857	0	0	4.39167545	0	0	9.554219108	0	0	0	0	0	0	0	0	0	0	0	0	0	0
SRR064858	0	0	4.929577465	0	0	0.921706711	16.15222046	1.285069614	1.813380303	0.101530036	2.233771619	2.551538113	1.150504025	2.126935908	0.879237258	0.144145314	0.021021376	0.137515224	1.360597311	0.0000465
SRR064860	0	0	4.326916175	0	0	1.629412694	0	0	0	0	0	0	0	0	0	0	0	0	0	0
SRR064863	0	0	0.275075374	0	0	16.75317813	0	0	0	0	0	0	0	0	0	0	0	0	0	0
SRR064864	0	0	0.273179616	0	0	9.343393281	15.22553091	1.28894584	1.535003538	0.093031558	2.241084982	2.873667749	1.148310936	1.753285652	0.840743546	0.169803074	0.018831176	0.175991542	0.479271792	0
SRR064866	0	0	0.529274197	0	0	11.44162256	0	0	0	0	0	0	0	0	0	0	0	0	0	0
SRR064867	0	0	0.23366508	0	0	5.206981105	15.92665701	1.324371123	1.787001082	0.08034018	2.23706586	2.743465583	1.213523124	1.942473919	0.896820601	0.161540867	0.018163722	0.162797289	0.827441426	0.00000171
SRR064869	0	0	0.345400199	0	0	5.215321599	0	0	0	0	0	0	0	0	0	0	0	0	0	0
SRR064873	0	0	4.060891938	2.002572899	0	1.033447684	15.3661444	1.447003982	1.747853033	0.129679049	2.12219529	2.320296609	1.182960427	1.650446599	0.78390969	0.133854706	0.026064419	0.127351876	0.571789231	0.000164242
SRR064875	0	0	4.097731864	1.273429309	0	5.492622804	0	0	0	0	0	0	0	0	0	0	0	0	0	0
SRR064876	0	0	10.13021452	1.711786591	0	2.924879284	15.39117309	1.454310937	1.94965794	0.087031932	2.343801134	2.905269023	1.15641387	2.027157848	0.830332689	0.175663935	0.021548434	0.171876499	0.760938019	0.00000586
SRR064878	0	0	9.890826562	1.404776501	0	6.199538263	0	0	0	0	0	0	0	0	0	0	0	0	0	0
SRR064879	0	0	1.889908754	1.210299732	0	7.830395581	16.39791983	1.410243751	1.78028219	0.080177245	2.174485744	2.576849686	1.249840292	2.023790195	0.876718764	0.185532719	0.0074739	0.187761518	0.981146248	0.0000417
SRR064880	0	0	2.595196902	1.776162283	0	12.97280996	0	0	0	0	0	0	0	0	0	0	0	0	0	0
SRR064883	0	0	3.438423808	6.838863107	0	10.09231887	16.11965115	1.319915338	1.815300706	0.08122091	2.144889804	2.517740594	1.224969244	1.998085767	0.876485746	0.170279642	0.01743514	0.169490568	1.026118807	0.0000437
SRR064884	0	0	2.945357938	7.329647447	0	13.22897968	0	0	0	0	0	0	0	0	0	0	0	0	0	0
SRR064885	0	0	0	0.855803288	0	0	16.33681578	1.393182902	1.576448789	0.085243163	2.301874898	2.311796828	1.266499801	2.088684967	0.922236155	0.174358715	0.001915868	0.172915878	1.295119463	0.00008
SRR064886	0	0	0	1.413159485	0	0	0	0	0	0	0	0	0	0	0	0	0	0	0	0
SRR064887	0	0	0	1.526110533	0	0	16.12791826	1.414486635	1.508176143	0.087111684	2.255620404	2.106896372	1.23941003	1.961952813	0.913894068	0.164043794	0.004898083	0.162120239	1.214557235	0.000113603
SRR064888	0	0	0	1.694315127	0	0	0	0	0	0	0	0	0	0	0	0	0	0	0	0
SRR064889	0	0	0	1.346867841	0	0	16.93520684	1.444345482	1.472734942	0.100165363	2.340148714	1.549596746	1.257796825	1.690694684	0.898713004	0.140531725	0.00061803	0.136932842	1.140886532	0.001234667
SRR064890	0	0	0	1.725516222	0	0	0	0	0	0	0	0	0	0	0	0	0	0	0	0
SRR064907	0	0	0	0.025830004	0	0.110208018	16.60657872	1.303687144	1.330654676	0.113280851	2.527547684	2.231481509	1.407835862	1.540100857	0.814981101	0.113012597	0.04436011	0.113885191	0.496565692	0.001098023
SRR064908	0	0	0	0.035000984	0	0.181567607	0	0	0	0	0	0	0	0	0	0	0	0	0	0
SRR064909	0	0	0	0	0	0	14.31127402	1.141493155	0.914936966	0.302938867	1.73327249	1.355546645	1.056579711	0.808046937	0.52564527	0.070246231	0.020016717	0.053439608	0.175245725	0.000197534
SRR064911	0	0	0	0	0	14.9661242	17.30294467	1.465967083	1.795209943	0.083625211	2.436219975	2.348410825	1.288497511	2.178740814	0.918656559	0.199678171	0.002869868	0.200038673	1.599698246	0.00000669
SRR064912	0	0	0	0	0	36.77002653	0	0	0	0	0	0	0	0	0	0	0	0	0	0
SRR064913	0	0	0	0	0	12.08963002	17.31444003	1.459507208	1.777973751	0.086008717	2.423313443	2.286546936	1.28369039	2.176787406	0.918598471	0.197004715	0.002945581	0.19791033	1.62722096	0
SRR064914	0	0	0	0	0	29.12961012	0	0	0	0	0	0	0	0	0	0	0	0	0	0
SRR064915	0	0	0	0	0	14.8644418	17.22594918	1.4529341	1.805030655	0.080315528	2.37523951	2.187625324	1.281980495	2.176103644	0.916549898	0.191699321	0.008929387	0.190931134	1.652696769	0.00000813
SRR064916	0	0	0	0	0	27.70745021	0	0	0	0	0	0	0	0	0	0	0	0	0	0
SRR1008737	0	0	0	0	0	0	17.26641653	1.308632635	1.862685713	0.117726379	2.047735239	2.142199855	1.294080043	2.123133242	0.97684227	0.117726379	0	0.10454401	1.812188977	0
SRR1008760	0	0	0	0	0	0	17.34686459	1.29761771	1.757839623	0.12381238	2.199868884	2.252045697	1.305490095	2.28081426	1.037710449	0.12381238	0	0.115040628	1.903216973	0
SRR1008761	0	0	0	0	0	0	17.33720287	1.298689857	1.755058696	0.123621012	2.195779403	2.246181183	1.305447433	2.274111455	1.037042397	0.123621013	0	0.114653798	1.89750998	0
SRR1008762	0	0	0	0	0	0	17.58954615	1.273631266	2.008166452	0.122284804	2.136096908	2.3133213	1.290974917	2.305542085	0.976512118	0.122284804	0	0.11449861	1.985218935	0
SRR1008945	0	0	0	0	0	0	17.26641653	1.308632635	1.862685713	0.117726379	2.047735239	2.142199855	1.294080043	2.123133242	0.97684227	0.117726379	0	0.10454401	1.812188977	0
SRR1008954	0	0	0	0	0	0	17.34686459	1.29761771	1.757839623	0.12381238	2.199868884	2.252045697	1.305490095	2.28081426	1.037710449	0.12381238	0	0.115040628	1.903216973	0
SRR1008955	0	0	0	0	0	0	17.33720287	1.298689857	1.755058696	0.123621012	2.195779403	2.246181183	1.305447433	2.274111455	1.037042397	0.123621013	0	0.114653798	1.89750998	0
SRR1008956	0	0	0	0	0	0	17.58954615	1.273631266	2.008166452	0.122284804	2.136096908	2.3133213	1.290974917	2.305542085	0.976512118	0.122284804	0	0.11449861	1.985218935	0
SRR1009053	0	0	0	0	0	0	17.26641653	1.308632635	1.862685713	0.117726379	2.047735239	2.142199855	1.294080043	2.123133242	0.97684227	0.117726379	0	0.10454401	1.812188977	0
SRR1009062	0	0	0	0	0	0	17.34686459	1.29761771	1.757839623	0.12381238	2.199868884	2.252045697	1.305490095	2.28081426	1.037710449	0.12381238	0	0.115040628	1.903216973	0
SRR1009063	0	0	0	0	0	0	17.33720287	1.298689857	1.755058696	0.123621012	2.195779403	2.246181183	1.305447433	2.274111455	1.037042397	0.123621013	0	0.114653798	1.89750998	0
SRR1009064	0	0	0	0	0	0	17.58954615	1.273631266	2.008166452	0.122284804	2.136096908	2.3133213	1.290974917	2.305542085	0.976512118	0.122284804	0	0.11449861	1.985218935	0
SRR5218336	4.045770331	0	0	0	0	0	15.57302436	1.247360123	1.284123803	0.058944797	1.992175077	2.084020754	1.127077925	1.517453503	0.771129268	0.175488682	0.017310993	0.168156414	0.587845417	0.00000269
SRR5218340	0	0	0	0	0	0	15.53360918	1.245623369	1.147316991	0.029727919	1.826985237	1.956756587	1.152136743	1.320581348	0.733863634	0.197776736	0.001056269	0.183943578	0.354155836	0.000011
SRR5548014	0	0	0	0	0	0	12.56759206	1.176522577	1.43428041	0.180923214	1.581551672	1.426293347	0.816540902	1.199082786	0.543664341	0.070941949	0.121957303	0.047595415	0.328120818	0
SRR5548021	0	0	0	0	0	0	13.92140316	1.121305913	0.852047178	0.335782861	1.543397857	1.086494147	1.000349853	0.793565034	0.518733787	0.077718604	0.012446348	0.051857902	0.273439436	0
SRR5548023	0	0	0	0	0	0	12.93761428	0.946016056	1.061581331	0.287333709	1.427482888	1.197085585	0.966745919	0.737960448	0.507694546	0.055665527	0.036381489	0.027317817	0.313713794	9.63E-58
SRR5548024	0	0	1.406030856	0	0	18.58695652	15.69958696	1.323093277	1.790507536	0.086703211	2.276276825	2.656349963	1.145010758	2.052833955	0.815498368	0.170296792	0.017898585	0.163429489	1.150402908	0.0000805
SRR5548026	0	0.577087022	2.253699696	0	0	13.44787636	14.65176387	1.315837989	1.680742184	0.112423593	1.980675433	2.232029673	1.036123004	1.716635339	0.744563997	0.130451223	0.064839412	0.118387439	1.073553197	1.61E-58
SRR5548027	0	0	3.795688847	0	0	11.94939082	15.46334476	1.327823902	1.770195324	0.081092516	2.293704016	2.660097865	1.124718279	2.005151225	0.803733976	0.174513345	0.018832536	0.167642018	1.03659449	0.0000926
SRR5548029	0	0	0	0	0	13.94197952	16.11131907	1.360262092	1.867723721	0.076684974	2.364584134	2.794406908	1.178686111	2.174024152	0.826759213	0.195172968	0.0000353	0.190362965	1.289762935	0
SRR5548030	0	0.768312696	4.266746233	0.044756079	0	10.1894674	14.82543628	1.366633665	1.763112692	0.109491675	2.035598856	2.310195387	1.049184619	1.765436956	0.753236432	0.142170417	0.052807704	0.132499523	1.061596307	1.75E-58
SRR5548031	0	0	2.226812787	0	0	9.582997794	15.41123206	1.310405116	1.769002448	0.08716168	2.260924448	2.613165575	1.09522289	1.974982025	0.813700288	0.159418059	0.0251569	0.151792853	1.062199124	0.0000631
SRR5548033	0	0.365699375	3.803273504	0	0	6.774333834	15.06321258	1.303750658	1.628274219	0.120719882	2.034508702	2.22468042	1.079132465	1.717451945	0.765418593	0.126055941	0.064187145	0.121221731	1.074361509	1.22E-58
SRR5548034	0	0	3.762423095	0	0	1.017510648	16.21240413	1.287004133	1.824143327	0.102066735	2.234673231	2.53693277	1.152847449	2.140646043	0.879167622	0.144336437	0.020483655	0.137908213	1.389972699	0.0000442
SRR5548036	0	0.359892403	4.060847788	0	0	0.910861701	14.90253009	1.285266792	1.608116965	0.126899396	1.954089743	2.183470392	1.049525534	1.722598982	0.774071862	0.113719486	0.070594467	0.102908437	1.220380601	2.18E-58
SRR5548039	0	0	0.204306736	0	0	10.79692161	15.21788322	1.243824842	1.561099188	0.122865502	2.054685115	2.451548787	1.17209658	1.625840544	0.811098326	0.14022201	0.032506607	0.135173178	0.602890342	6.65E-08
SRR5548045	0	0	1.153588196	0	0	8.195841717	15.59677906	1.329500118	1.699820069	0.099200184	2.185452195	2.628847606	1.177738301	1.762008179	0.843821188	0.145905502	0.036520316	0.143041387	0.690680775	0.00000486
SRR5548046	0	0	0.1987997	0	0	9.763690923	15.24768075	1.302486355	1.548249313	0.093890699	2.239497931	2.842403856	1.146273904	1.762553943	0.841159728	0.171721516	0.018920456	0.177936528	0.487936396	0
SRR5548051	0	0	0.217128212	0	0	5.349896775	16.15443588	1.335184662	1.825604812	0.079549714	2.263118779	2.78344452	1.235770282	1.980287869	0.914648783	0.166357426	0.013326171	0.168514533	0.869136134	0
SRR5548054	0	0	0.218553825	0	0	3.181818182	15.46238934	1.277191287	1.628343684	0.112752271	2.084853683	2.520669401	1.148251698	1.739248858	0.824448096	0.12598996	0.050547687	0.118669411	0.976108764	2.98E-57
SRR5548066	0	0	2.870595383	2.03017416	0	1.134062373	15.43687382	1.459972656	1.770751113	0.129048359	2.124996056	2.316115627	1.190541732	1.663788328	0.785711777	0.134470909	0.025359121	0.12819342	0.584893081	0.000158643
SRR5548070	0	0	8.045977011	1.735606698	0	3.10931009	15.40287839	1.464902405	1.950574824	0.086897495	2.33458792	2.885935721	1.164223483	2.026121311	0.823398685	0.176718405	0.021330174	0.172875434	0.751401835	0.00000603
SRR5548075	0	0	1.444486405	1.217900302	0	7.933660624	16.43010658	1.417802786	1.793791259	0.080478478	2.178346573	2.573933345	1.253501964	2.032915665	0.878786218	0.185412119	0.007254015	0.187628152	0.994135913	0.0000384
SRR5548076	0	0	2.260346879	1.601339929	0	5.915409179	15.59444206	1.362219447	1.811783829	0.118648702	2.075242967	2.375279079	1.157647434	1.886280083	0.840346788	0.147854295	0.035756096	0.139299166	1.136802749	0.000000199
SRR5548081	0	0	2.994011976	6.745464295	0	10.2086871	16.11738102	1.316941164	1.818669896	0.081280833	2.13989168	2.50187692	1.22434022	1.997287077	0.873993196	0.169127804	0.018070078	0.168143751	1.034748276	0.0000437
SRR5548084	0	0	2.575391652	6.616939879	0	7.176900554	14.30502092	1.274084824	1.643220992	0.118476838	1.901137182	2.004250531	1.024394133	1.580829924	0.72834286	0.118258239	0.084519581	0.098310946	0.867689602	8.06E-59
SRR5548107	0	0	0	0	0	0	15.26910196	1.486211834	1.387242763	0.117204367	2.231641155	1.92730872	1.22521214	1.115629287	0.8286655	0.082583502	0.000529696	0.066064661	0.395930997	0.00000207
SRR5548108	0	0	0	0.837362637	0	0	16.35131611	1.394229023	1.582137762	0.084922058	2.304201086	2.318867706	1.267534286	2.097328356	0.922901807	0.175193999	0.001788847	0.173769466	1.30444808	0.0000764
SRR5548109	0	0	0	1.317301742	0	0	17.89306093	1.458470531	1.022000887	0.063285215	2.040013631	0.958046066	1.624079881	1.041187144	0.929446817	0.147954416	0.001018706	0.136032304	0.620393189	0.00000322
SRR5548121	0	0	0	1.528848838	0	0	16.16094243	1.41887424	1.522625216	0.086519611	2.25985048	2.10260472	1.239903642	1.976710183	0.914000073	0.165411745	0.004727113	0.163631454	1.23995495	0.000107646
SRR5548122	0	0	0	1.505196161	0	0	17.32362598	1.445617445	1.073298194	0.073560069	2.006340594	1.103270146	1.530104823	1.080202957	0.897025964	0.143769457	0.000695997	0.127397605	0.647707614	0.0000112
SRR5548123	0	0	0	1.315388964	0	0	16.92868815	1.448034673	1.484311873	0.099190182	2.340196382	1.55433729	1.257051152	1.70279668	0.897790461	0.142014676	0.000622666	0.138523385	1.155695563	0.001210357
SRR5548125	0	0	0	1.11855177	0	0	16.24264968	1.538793284	1.372122029	0.080383608	1.98818971	1.322153658	1.310383933	1.44750942	0.832601963	0.182311441	0.000286843	0.166864128	0.989828705	0.00000343
SRR5548168	0	0	0	0.147375581	0	0	13.21056665	0.907860793	0.841300582	0.364018933	1.3297231	0.788261748	1.01077389	0.452387531	0.448620651	0.058092497	0.015323429	0.01510482	0.039112108	0.0000229
SRR5548169	0	0	0	0.026633886	0	0.106535546	16.53221625	1.298207108	1.343309138	0.111072724	2.51891838	2.242612701	1.414122479	1.56032623	0.818442275	0.110876384	0.045477435	0.111487929	0.509160669	0.00109639
SRR5548170	0	0.096439169	0	0.024109792	0	0.12425816	14.36151493	1.226422708	1.424591451	0.085095762	2.176385757	2.023740788	1.17053997	1.382771878	0.710235637	0.09683792	0.074826987	0.084578875	0.36228212	0.0000766
SRR5548171	0	0	0	0	0	0	14.29244375	1.139932376	0.917632749	0.304180684	1.727887875	1.346121405	1.05569294	0.809328075	0.523074345	0.06879264	0.020165262	0.05168691	0.180139566	0.000190438
SRR5548172	0	0	0	0.042693577	0	0.496797982	12.99874839	0.902942511	0.911178294	0.328543286	1.364393478	0.88766188	1.007372553	0.502859064	0.457982526	0.055840042	0.02572559	0.015063282	0.043227064	0.0000227
SRR5548173	0	0	0	0	0	14.98566202	17.31220578	1.468552068	1.798063838	0.083282656	2.438180904	2.350135971	1.289611143	2.183375497	0.919337235	0.19996953	0.002717534	0.200594992	1.605714289	0.00000672
SRR5548174	0	0.1252713	0	0	0	16.61301365	16.05069596	1.389087366	1.728729588	0.091788704	2.231686073	2.164112475	1.189784351	1.857445789	0.807853246	0.176089309	0.035598619	0.173555455	1.102596151	1.53E-29
SRR5548175	0	0	0	0	0	12.33395324	17.30584685	1.462158339	1.780581569	0.085210074	2.426802126	2.29108942	1.284185697	2.174588894	0.917785861	0.19810525	0.002940244	0.199046676	1.622527831	0
SRR5548176	0	0.098470426	0	0	0	12.72456728	16.04582376	1.378344252	1.680680791	0.101262973	2.204190026	2.068494722	1.184302259	1.799474637	0.801743377	0.170171438	0.035031563	0.166328148	1.106478547	8.55E-08
SRR5548177	0	0	0	0	0	16.82169527	17.14408174	1.450607176	1.804981449	0.079585642	2.368643746	2.204547871	1.279466749	2.166316349	0.910774011	0.191540482	0.010239481	0.190544504	1.618850308	0.00000941
SRR5548179	0	0.043920065	0	0	0	13.19598331	14.62365381	1.30347564	1.596217385	0.095545995	2.008218214	1.860866721	1.036299772	1.592820046	0.713650001	0.134987496	0.084039689	0.123069849	0.877092179	2.11E-59
SRR5548181	0	0	0	0	0	14.52371356	13.96793315	1.248991878	1.533436459	0.086943725	1.909499776	1.978638063	1.039327632	1.492336236	0.667894394	0.159973945	0.079833369	0.147337004	0.482933065	4.81E-08
SRR5548182	0	0.091375554	0	0.049202221	0	15.14725522	13.97332197	1.261563454	1.527913593	0.07515712	1.911447718	2.025754415	1.043073317	1.511586512	0.675582142	0.168485333	0.078116691	0.157273161	0.471999951	9.1E-09
SRR5548183	0	0	0	0.03785489	0	12.23974763	13.98825787	1.235916906	1.534236288	0.099938103	2.004166376	2.009021101	1.004900961	1.440520277	0.649221667	0.132879566	0.092337835	0.124168768	0.408296579	6.86E-08
SRR5548184	0	0	0	0	0	11.97897109	14.25977763	1.26366593	1.497277143	0.082566691	1.931238145	1.957491165	1.041227938	1.509705149	0.684186121	0.156627402	0.077012869	0.146854682	0.608945106	0
SRR5548186	0	0	0	0	0	13.68391816	13.50149963	1.233150245	1.546493158	0.08685835	1.916173881	1.976517487	0.963169952	1.423783754	0.633588672	0.131299984	0.104498937	0.117393248	0.412733069	0
SRR5548187	0	0	0	0	0	14.69387755	13.69570021	1.252908462	1.517186252	0.080291357	1.878909324	1.938338986	1.001015763	1.445087486	0.65490334	0.148849586	0.091530394	0.134986945	0.460677779	0
SRR5548188	0	0	0	0	0	17.13105388	13.52718834	1.235445847	1.567615147	0.083882737	1.890703505	1.975446129	0.981180137	1.461333359	0.646480137	0.14401674	0.100894281	0.129791871	0.426236755	0
SRR5548221	0	0	0	0	0	0	13.72638955	1.197201618	1.275314357	0.150323138	1.935413335	1.646823204	0.937678224	0.81453194	0.745950281	0.099996871	0.041256347	0.073036004	0.236037124	0.00000305
SRR5548279	0	0	0	0	0	0	12.80438525	0.809880147	0.879092555	0.360001905	1.262744972	0.769799835	1.018116139	0.41766862	0.440385231	0.039222083	0.014412568	0.006833902	0.021313899	0.000000698
SRR5548281	0	0	0	0	0	0	12.8304597	0.808596705	0.877798595	0.362744896	1.264178414	0.765482621	1.018650863	0.420302586	0.440642237	0.040148553	0.013435776	0.00779926	0.027196474	0.00000154
SRR5548300	0	0	0	0	0	0	13.30663157	0.860094366	0.878854853	0.338151685	1.373009747	0.857655967	1.06187734	0.481098512	0.459324595	0.049738544	0.003630999	0.015216674	0.031397158	2.69E-28
SRR5548357	0	0	0	0	0	2.547599893	15.56440286	1.342236869	1.605872078	0.080588185	2.616412861	2.846166001	1.071920607	1.637323951	0.758378795	0.124795713	0.000173417	0.122252896	0.580299641	3.71E-28
SRR5548364	0	0	0	0	0.743678731	3.8671294	15.89790225	1.456141683	1.284365069	0.064379795	2.082410968	1.75278287	1.294922311	1.479958437	0.878015746	0.187770072	0.005417238	0.173650958	0.700814806	0.000000102
SRR5548438	0	0	0	0	0	0	13.44470463	1.249865529	0.923558156	0.138440378	1.730056288	1.208607265	1.030034307	0.807850723	0.878029895	0.088641104	0.011949478	0.060173433	0.152387311	1.87E-56
SRR5548440	0	0	0	0	0	0.085907138	13.97531603	1.134907172	0.857699918	0.221363581	1.670431598	1.309371627	1.006610405	0.88892822	0.567306727	0.11063528	0.013021251	0.062624861	0.167577452	0.000054
SRR5548442	0	0	0	0	0	0.093142391	13.97649907	1.130752178	0.846378764	0.227936099	1.642084182	1.255509966	0.994311389	0.882127754	0.568295569	0.112899533	0.013564111	0.062543538	0.17489294	0.000055
SRR5548443	0	0	0	0	0	0.166243766	14.56043944	1.219828381	0.991419075	0.164184764	1.940306758	1.671219211	1.116218269	1.044498176	0.572041381	0.108181189	0.018569151	0.069020233	0.194320657	0.000113901
SRR5548444	0	0	0	0	0	0.368128272	16.73396719	1.416015909	1.841396588	0.119868597	2.286278024	2.242450288	1.169107449	2.076516041	0.926078693	0.153872178	0.0000275	0.155199967	1.496009832	0.0000083
SRR5548445	0	0	0	0.02468831	0	0.555486977	14.47780736	1.32892613	1.422732451	0.109492858	1.964965565	1.845980067	1.048142251	1.312151731	0.741233727	0.111276454	0.032669039	0.094356086	0.721407248	2.43E-58
SRR5548446	0	0	0	0	0	0.251106438	16.54459258	1.386417644	1.768288112	0.124976704	2.257240894	2.182020287	1.153378616	1.993378352	0.914549653	0.145940083	0.002430769	0.144660322	1.392643662	0.000108722
SRR5548447	0	0	0	0	0	0.313173837	15.20661204	1.356664143	1.494859474	0.128473969	2.000198396	2.035007408	1.099494128	1.551791805	0.792514107	0.11718595	0.024334452	0.107406845	1.147842065	1.39E-58
SRR5548448	0	0	0	0	0	0.281711882	16.44816072	1.402655132	1.744011579	0.121602221	2.247001633	2.139356524	1.152121044	1.945620034	0.899804103	0.149888799	0.00289415	0.147686003	1.328051727	0.0000771
SRR5548449	0	0	0	0	0	0.704526046	14.30582427	1.286073114	1.401357814	0.12505179	1.998916615	1.997787006	1.012031647	1.313956869	0.701950861	0.112641003	0.010110247	0.096849505	0.702501507	5.64E-58
SRR5548450	0	0	0	0	0	0.376647834	16.82963203	1.442674611	1.815599228	0.111194046	2.301005762	2.172088143	1.190178672	2.064885852	0.922497349	0.161807551	0.0000173	0.164025527	1.508264224	0.0000202
SRR5548451	0	0	0	0	0	0.464538432	14.41175674	1.312218764	1.41139682	0.126621556	1.92385072	1.945020715	1.015387533	1.34899943	0.723929348	0.108832436	0.032904089	0.093958019	0.857928527	4.8E-58
SRR5548452	0	0	0	0.061680802	0	0.67848882	15.60932481	1.374083644	1.669891727	0.107384758	2.140385115	2.418140747	1.138585055	1.789182972	0.809179522	0.144711165	0.023728253	0.137765775	1.106681804	5.02E-29
SRR5548455	0	0	0	0.01494813	0	0.349786242	16.72245842	1.408021867	1.752849218	0.122946625	2.276783248	2.157047604	1.168827925	2.051696825	0.92819657	0.148496529	0.005419187	0.145719191	1.459957234	0.000236638
SRR5548456	0	0	0	0	0	0.489669175	14.86180834	1.386619455	1.664650972	0.130373173	2.089593655	2.187897418	0.994894378	1.62846431	0.708926974	0.131420803	0.014107686	0.12081987	0.998748691	6.18E-58
SRR5548457	0	0	0	0	0	0.309753035	17.0662791	1.443188795	1.855963107	0.117019659	2.307981034	2.280426546	1.193747193	2.225489535	0.962063225	0.16108143	0.0000389	0.161790537	1.693075486	0.00000538
SRR5548458	0	0	0	0	0	0.376137817	14.71369346	1.367334942	1.563157735	0.13501589	1.960245682	2.110369167	0.997538188	1.555990181	0.730788351	0.117869052	0.034521239	0.105213634	1.102724221	3.72E-58
SRR5548459	0	0	0	0.07070231	0.377078985	0.535317487	15.7433122	1.43231406	1.558903134	0.110588764	2.235225383	2.019338878	1.19288804	1.593819521	0.8390493	0.165517142	0.003696856	0.153607232	0.625656056	0.000303159
SRR5548460	0	0	0	0.198430594	0.676467935	0.929015965	14.87121319	1.37538588	1.350480328	0.106984234	2.004912454	1.836108395	1.147125741	1.296475248	0.75341364	0.135226392	0.009095987	0.120629111	0.548263046	0.00000031
SRR5548461	0	0	0	0.052836669	0.303810845	0.587807939	15.72843109	1.450033781	1.638218991	0.104760371	2.224256102	2.113086501	1.19646484	1.681844186	0.849453841	0.175040708	0.00184676	0.164970808	0.711142641	0.0000344
SRR5548462	0	0	0	0.083295957	0.499775742	0.749663612	14.82529526	1.388662839	1.335128338	0.099974453	1.924047204	1.746705976	1.12972056	1.29303657	0.77865819	0.128885202	0.022984366	0.111102972	0.63073772	0.000000245
SRR5548463	0	0	0	0.047809458	0.534596662	0.67367872	15.71122654	1.356112459	1.541603563	0.130685858	2.181670015	2.048714603	1.157751184	1.587006025	0.848773275	0.15017834	0.00460088	0.137525835	0.685599677	0.000226047
SRR5548464	0	0	0	0.163398693	0.696594427	1.14379085	14.57280249	1.331617598	1.226311574	0.129671285	1.927513055	1.744094366	1.107971679	1.169003527	0.721209872	0.117497041	0.010390536	0.099472623	0.502822376	0.000000137
SRR5548465	0	0	0	0.038871852	0.440547661	0.643545113	15.84661657	1.384309776	1.607983614	0.124667749	2.200087083	2.127243422	1.183725575	1.673355838	0.864469006	0.161999003	0.002096092	0.151670846	0.769625242	0.0000331
SRR5548466	0	0	0	0.122599101	0.456341098	0.980792808	14.54918195	1.356919829	1.234453484	0.116989864	1.860303132	1.660323225	1.09634506	1.179384799	0.752286688	0.116029555	0.02607052	0.094811294	0.569598418	0.00000013
SRR5548467	0	0	0	1.998873874	0.281531532	7.545045045	13.82257598	1.232652428	1.179547817	0.120946071	1.84639972	1.992557057	1.021824604	1.07792465	0.692260791	0.111849382	0.017651541	0.088317579	0.387813664	0.00000173
SRR5548470	0	0	0	0.016481059	0.419089775	0.306076802	15.44436476	1.338001208	1.648322806	0.133833435	2.136379655	2.143697741	1.102014336	1.563513507	0.852572	0.134855011	0.001324711	0.12738184	0.626593361	0.00000656
SRR5548471	0	0	0	0.05133763	0.576122298	0.68450174	14.21484134	1.364312126	1.288727006	0.086285812	1.887495622	1.570402159	1.105553149	1.089617405	0.747581895	0.116682605	0.039418743	0.096574067	0.345136009	7.86E-08
SRR5548472	0	0	0	0.017500569	0.812026391	0.423513764	15.36822016	1.339137197	1.609680574	0.135591115	2.133647234	2.07994199	1.095704361	1.524888862	0.834435332	0.134634774	0.005274354	0.124038863	0.58054285	0.000134124
SRR5548473	0	0	0	0	0.429653933	0.531208499	14.59818385	1.379147627	1.348579329	0.091441796	1.924392885	1.655889353	1.128387182	1.223148828	0.774893266	0.1216303	0.033465924	0.104177034	0.549195692	6.82E-08
SRR5548474	0	0	0	0	0.112866817	1.478555305	15.8797089	1.518812358	2.067381585	0.085183462	2.322451476	2.398779986	1.163731341	1.915645539	0.845582164	0.166613254	0.005136223	0.167409422	0.919153829	0.000012
SRR5548475	0	0	0	0	0.345966347	1.714105992	16.08774527	1.471651641	1.696491151	0.066196138	2.198789458	2.021196214	1.36003695	1.722840057	0.880783599	0.192311562	0.019373729	0.190146042	0.746972534	0.000000127
SRR5548476	0	0	0	0	0.126995646	1.505805515	15.91728066	1.550786353	2.072548767	0.083003901	2.333005062	2.387984392	1.167109045	1.91454153	0.845240607	0.169388628	0.001993537	0.169006909	0.939477305	0.0000149
SRR5548477	0	0	0	0	0.184096443	1.407446998	15.29885732	1.419319029	1.549125066	0.077015989	2.023245018	1.880503892	1.22426984	1.563922848	0.826147331	0.164349091	0.039474037	0.15565746	0.762938451	7.98E-08
SRR5548478	0	0	0	0	0.246622346	0.450353849	15.98496627	1.496878552	2.003931479	0.090682835	2.290811153	2.32256998	1.150651894	1.923558775	0.85183611	0.158348171	0.005212956	0.157665159	1.054612532	0.0000113
SRR5548479	0	0	0	0	0.453690384	0.663937147	16.11117686	1.488853872	1.645253595	0.071894047	2.182222951	2.03420881	1.345641636	1.740739251	0.856923839	0.200491296	0.014953443	0.198572339	0.87501427	0.000000083
SRR5548480	0	0	0	0	0.145032632	0.410925792	16.14149352	1.49777742	1.959794203	0.090638664	2.284377425	2.305512368	1.165145624	1.92547997	0.865457698	0.162127496	0.00179933	0.160940476	1.115281438	0.0000137
SRR5548481	0	0	0	0	0.193710854	0.413249822	15.50155836	1.421317592	1.530710655	0.084198944	2.042875576	1.890902741	1.228795326	1.62937756	0.823974993	0.168534849	0.036006373	0.160550793	0.912478599	9.22E-08
SRR5548482	0	0	0	0	0.051282051	5.042735043	13.04749207	1.206486947	1.448267883	0.100013747	1.837052568	1.840442501	0.937554513	1.214871126	0.592211253	0.096209596	0.124345993	0.080753432	0.24767765	0.000000006
SRR5548485	0	0	0	0	0.280984461	0.504417888	16.00900905	1.405132312	1.788519114	0.103994533	2.217335353	2.180480168	1.156476863	1.804827677	0.888522385	0.146860221	0.001355691	0.146448563	1.044241205	0.00000126
SRR5548486	0	0	0	0	0.249287749	0.768213268	13.86411799	1.319370353	1.326883563	0.07285393	1.809994757	1.508983608	1.08389807	1.215816974	0.731487972	0.123165288	0.083095424	0.103389228	0.426627885	6.51E-08
SRR5548487	0	0	0	0	0.433934338	0.487755651	15.69321217	1.389417748	1.79427674	0.105428071	2.180887524	2.164825292	1.125963041	1.771842867	0.860474841	0.140481688	0.011744253	0.138577947	0.963692245	0.00000186
SRR5548488	0	0	0	0	0.222251275	0.470649758	14.18058439	1.325341949	1.377177817	0.08026857	1.843817826	1.559227409	1.091003853	1.314906032	0.747128998	0.125895736	0.076805309	0.108612608	0.589040066	7.47E-08
SRR5548489	0	0	0	0	0	0	16.67514212	1.492024276	1.60369467	0.057952359	2.280383718	1.987866138	1.413403314	1.807259031	0.91245693	0.217012987	0.001547348	0.212668658	0.880995233	2.27E-08
SRR5548491	0	0	0	0	0.265101307	0	16.29372097	1.508544119	1.346020103	0.04381924	2.207963295	1.744154634	1.483589467	1.473149089	0.903192835	0.218766978	0.001883733	0.212068213	0.493529434	0
SRR5548493	0	0	0	0	0.338513617	0	16.31856474	1.517020756	1.428542373	0.053008095	2.158309363	1.820568173	1.368516092	1.614743637	0.924634787	0.191680994	0.00245685	0.183230092	0.751411767	0.000000159
SRR5548501	0	0	0	0	0	0.995914198	16.22443023	1.394338989	1.38722734	0.095093289	2.237277272	1.843005158	1.282438685	1.493852932	0.82139746	0.154492553	0.051762201	0.167654892	0.433699537	0.000000268
SRR5548503	0	0	0	0.471391417	0.292587776	0	16.14267423	1.495262074	1.533463554	0.052857951	2.186214436	1.982836942	1.325462414	1.732295405	0.878460423	0.207324315	0.009416885	0.199846596	0.772813535	5.72E-08
SRR5548508	0	0	0	0.43071161	0.224719101	0	15.82741709	1.501048779	1.257599161	0.04484033	2.067594947	1.608852777	1.363517863	1.423752185	0.870979585	0.199614762	0.01173972	0.184872978	0.542408808	9.29E-08
SRR5548510	0	0	0	0	0	0	16.24398318	1.384640643	1.224597241	0.102570529	2.192958042	1.596524146	1.290396388	1.360521397	0.823115453	0.137360984	0.057336515	0.150115731	0.375990861	5.98E-08
SRR5548513	0	0	0	0	0.851445216	4.593322877	15.62462376	1.379060603	1.367495009	0.100194163	2.005779494	1.794148683	1.253433688	1.494180458	0.844248969	0.169282889	0.005367462	0.156875861	0.717666849	4.61E-08
SRR5548515	0	0	0	0	0	4.880089236	15.86706549	1.400450842	1.612029908	0.047879367	2.351478987	2.377888487	1.23651052	1.752442974	0.858886186	0.173643036	0.0000701	0.17250428	0.703651829	0
SRR5548796	0	0	0	0	0	0	15.98897752	1.45959302	1.302576831	0.071510336	2.158865504	1.956746794	1.238909952	1.50653416	0.818205882	0.172207065	0.032885984	0.181463487	0.402791646	0
SRR5548822	0	0	0	0	0	0	15.89507958	1.367467949	1.597921764	0.050784343	2.077392928	2.362027633	1.178044982	1.850265346	0.824658158	0.209099576	0.00115488	0.203405912	0.9313844	0.00000933
SRR5548824	0	0	0	0	0	0	15.74822751	1.358336086	1.595237317	0.048826543	2.054940812	2.402152122	1.167893914	1.821769119	0.81770991	0.211427884	0.001171491	0.204757906	0.850267768	0.00000955
SRR5548826	0	0	0	0	0	0	16.04588106	1.325307779	1.583318893	0.054538501	2.086377819	2.351393697	1.169203071	1.892623022	0.826604585	0.201428823	0.00075806	0.196067747	1.045824382	0
SRR5548828	0	0	0	0	0	0	16.05754079	1.345538734	1.591952308	0.052669058	2.088872348	2.330692309	1.178963241	1.87990609	0.829457368	0.204097578	0.001003417	0.200152797	1.024784407	0
SRR5548830	0	0	0	0	0	0	15.85133265	1.25064735	1.495578172	0.04935266	2.036524753	2.327084791	1.12286162	1.841310299	0.776718074	0.197491858	0.000246763	0.192924213	1.002621874	0
SRR5548831	0	0	0	0	0	0	16.80912052	1.433633746	1.578256634	0.050954723	2.300964836	1.97700305	1.209712923	1.991096166	0.850271595	0.240848916	0.000245385	0.240229884	1.418905807	0
SRR5548832	0	0	0	0	0	0	15.93048284	1.326426353	1.569636849	0.052816615	2.062806301	2.36874416	1.160679679	1.85324163	0.81571829	0.204166649	0.000936953	0.199111763	0.957896773	0.00000717
SRR5548834	0	0	0	0	0	0	15.73258584	1.193522628	1.418695629	0.039913935	1.974233281	2.296863759	1.098579874	1.756687477	0.756649404	0.204829243	0.0000594	0.200749495	0.914944533	0
SRR5548835	0	0	0	0	0	0	15.76162354	1.243346825	1.302884837	0.033709701	2.019322442	2.165262317	1.118833882	1.62680759	0.756786584	0.229700475	0.000546882	0.227437583	0.793744274	0
SRR5548836	0	0	0	0	0	0	15.96458518	1.374515874	1.621896293	0.054303836	2.073430523	2.397166586	1.195071401	1.899040443	0.840801934	0.204924663	0.001266825	0.203180551	0.97688097	0
SRR5548838	0	0	0	0	0	0	16.04934534	1.318142521	1.537378948	0.053692037	2.061391059	2.292565828	1.167978681	1.893835076	0.81893796	0.204100139	0.000716769	0.198649132	1.088132903	0
SRR5548844	3.578395103	0	0	0	0.195062891	0	15.85999697	1.343603671	1.472324579	0.043747403	2.062228234	2.354090831	1.179505626	1.777599176	0.813647086	0.207683358	0.001709065	0.206069177	0.789668186	0
SRR5548846	4.348262703	0	0	0	0.411729263	0	15.97194711	1.428729622	1.623589616	0.051445406	2.135747039	2.419293694	1.201298089	1.90251025	0.842859797	0.204029718	0.00223094	0.202546982	0.908809189	0
SRR5548848	4.245754246	0	0	0	0.382950383	0	15.9496704	1.376687148	1.549415065	0.045691797	2.116210669	2.386161609	1.178816883	1.837891503	0.832108875	0.204369076	0.001937426	0.202082855	0.86543304	0
SRR5548850	5.105834155	0	0	0	0.182080267	0	16.26777449	1.376345116	1.584793069	0.049854859	2.197367889	2.291110887	1.190700578	1.899257208	0.843380213	0.194736613	0.001319092	0.191525432	1.074766075	0
SRR5548852	3.929797787	0	0	0	0.165331298	0	15.73480763	1.307831199	1.452696424	0.039369758	2.024685363	2.395361394	1.155761675	1.771507859	0.798820133	0.211757383	0.001570298	0.210147705	0.757181678	0
SRR5548866	4.351145038	0	0	0	0.235947259	0	16.09907037	1.396777533	1.556607929	0.050370086	2.14247032	2.307941869	1.204542284	1.85893216	0.844079661	0.198977532	0.001528163	0.195512584	0.95491464	0
SRR5548868	0	0	0	0	0.782137	0	15.84567798	1.500644179	1.23989319	0.040328761	2.044004284	1.973544697	1.241967568	1.512329101	0.829077129	0.20521615	0.003334663	0.19524095	0.596768757	0.000000237
DRR100552	0.728256346	0	0.262172285	0	0	1.872659176	14.81231649	1.385277748	1.520615048	0.070293668	2.041188246	1.999675218	1.084326958	1.60801811	0.728595231	0.193617246	0.024416666	0.185234469	0.716785826	2.4E-15
DRR100553	0.489165589	0	0.056597671	0	0	6.169146184	13.9569603	1.365006995	1.560774667	0.090595945	1.959999445	1.958790092	1.028663013	1.518338747	0.675324971	0.169705187	0.043812309	0.155596301	0.574179809	1.05E-08
DRR100554	0.642050907	0	0.251336654	0	0	1.754786821	14.81643021	1.365603758	1.475777762	0.062499469	2.01609668	2.072983021	1.100765108	1.564021011	0.716088983	0.200933263	0.01889052	0.193003813	0.611033202	1.7E-15
DRR100555	10.81874113	0	0	0	0.151443445	0	16.49164803	1.289510466	1.418777582	0.050222549	2.150762002	2.417914973	1.186745278	1.97363091	0.844589112	0.197715288	0.00192685	0.197174931	0.988585089	0
DRR100556	0	0	0	0	0	0	14.64181021	1.27720929	1.205794039	0.153373717	2.010854007	1.567621391	1.008783569	1.078536044	0.609497385	0.140734243	0.003052427	0.10037741	0.282126891	0
DRR100557	0.207612457	0	0	0	0	1.038062284	16.56443001	1.495666325	1.529748485	0.040026242	2.174286547	1.877278206	1.316320592	1.635483752	0.855027345	0.220621256	0.004268785	0.212674017	0.797894877	0.000000791
DRR100559	0.0697134	0	0	0	0	0	16.16257727	1.497446668	2.142978507	0.028100137	2.225310518	2.482812509	1.280834159	1.795017789	0.942065984	0.2200038	0.003109595	0.215660826	0.435523732	0.00000378
DRR100560	0.802383628	0	0	0	0	0.271817255	15.22772425	1.184041912	1.26610259	0.023998085	1.927937665	2.253596027	1.052720615	1.431063567	0.684088965	0.20771617	0.001379571	0.197238704	0.339640654	0.000000502
a206643	2.701026666	0	0	0	0	0.065458554	14.99444987	1.425776026	1.553911295	0.043235646	2.147157404	2.034555279	1.1539485	1.667746748	0.792651598	0.208885021	0.004758247	0.202782742	0.656669093	0.00000141
a206644	6.941823254	0	0	0	0	0	15.58502461	1.403362906	1.553183751	0.038565279	2.235678115	2.196620238	1.228575706	1.8338407	0.853929524	0.207248344	0.004617348	0.20317397	0.812606946	0
a206675	2.503496503	0	0	0	0	0	15.63853397	1.343977728	1.416254282	0.033985712	2.081075793	2.19211912	1.226254062	1.59156953	0.831915111	0.208008313	0.003732933	0.200223923	0.647906598	0.0000013
a206677	0.050667117	0	0	0	0	0.202668468	15.03882225	1.229739868	1.500022563	0.040102927	1.868303717	2.49465449	1.195756544	1.436850492	0.804587559	0.198062632	0.02470262	0.18559485	0.269760217	0.0000149
a206678	0.435744453	0	0	0	0	0.362003084	15.55566291	1.310058367	1.653948588	0.030130477	2.053204692	2.758198576	1.222104049	1.705634413	0.869154061	0.224919107	0.016029467	0.221104755	0.451246311	0.00000981
a206683	0.52982259	0	0	0	0	0.248856065	15.52221651	1.204842231	1.264685489	0.025364561	1.941395463	2.235788445	1.14012791	1.539559188	0.77785726	0.215007988	0.000777765	0.211771318	0.544731433	1.96E-15
a206684	1.266612916	0	0	0	0	0.12223985	15.51894085	1.252966228	1.200806081	0.027771819	1.92504694	2.049680984	1.162793252	1.474903397	0.782729869	0.201351913	0.000403293	0.192945495	0.55387472	0.000000963
a215003	0.367197062	0	0	0	0	0	15.5546171	1.409772915	1.330545666	0.054713344	2.095219184	1.959554868	1.260558382	1.35940691	0.810968494	0.209032234	0.004701514	0.195789899	0.368576091	2.77E-08
a215004	2.684563758	0	0	0	0	0	15.86230891	1.427114452	1.525002787	0.047842829	2.175597749	2.197086634	1.234984209	1.609391746	0.808116371	0.197409731	0.013043422	0.186522728	0.59044109	0.0000868
a215007	2.029283329	0	0	0	0.346776265	0.394939635	15.9667686	1.318725129	1.426581409	0.038105154	2.085244744	2.100130327	1.202313604	1.682129193	0.808369027	0.209610142	0.006694077	0.206813639	0.748946742	2.38E-15
a215008	2.084026899	0	0	0	0.339569878	0.725747387	16.15327144	1.329908983	1.401087126	0.051018077	2.09431461	2.020547259	1.20976337	1.765936035	0.826677612	0.196592873	0.011532244	0.19363038	0.934868142	6.92E-10
a215009	0.401606426	0	0	0	0.259705489	0	15.97508905	1.349410931	1.320780649	0.044635447	2.079443889	2.024621688	1.272757608	1.5588969	0.839479542	0.203428775	0.001344602	0.195459387	0.770697162	0.00000553
a215010	0.255021724	0	0	0.006296833	0.214092312	0	15.74387766	1.301716099	1.266299901	0.038392495	2.041209168	2.080066394	1.245634921	1.497156022	0.824106911	0.211259819	0.000962865	0.201510095	0.613679307	0.00000198
a215048	1.708880073	0	0	0	0.616417455	0	15.73583915	1.422852191	1.271286641	0.072825815	2.053263608	1.887462651	1.249404322	1.34676946	0.87784108	0.192703898	0.002261817	0.172720353	0.436997359	0.000000649
a215055	5.134824014	0	0	0	0	6.233648446	16.0417075	1.430716048	1.89068261	0.043645015	2.290759887	2.499968493	1.266426418	1.936371977	0.871125583	0.211910252	0.023667317	0.199090826	0.66644122	0.00000201
a215056	2.694883684	0	0	0	0	1.993421313	15.82599876	1.415430502	1.889943464	0.040221566	2.225784377	2.490102482	1.300549247	1.773478638	0.885859338	0.213910604	0.019564936	0.201932443	0.476676567	1.07E-08
a215074	0	0	0	0	0	1.889662903	16.60224787	1.504763031	2.303001788	0.041483842	2.35811928	2.426068345	1.325153789	1.911442389	0.922351846	0.21898186	0.001787806	0.213647137	0.568710458	3.44E-09
a215077	0	0	0	0	0	0.239755284	16.49197014	1.464631929	2.127077854	0.044103739	2.297932634	2.314512243	1.280532318	1.874209089	0.887931338	0.21908911	0.000986974	0.213224946	0.652218516	6.33E-08
a215080	1.698507279	0.14128632	0	0.079857485	0.015357209	1.474292033	15.28134014	1.362650794	1.649283184	0.067420195	2.167155123	2.26383019	1.068471696	1.660566547	0.722805074	0.160412446	0.029082146	0.139690157	0.592669662	0.0000126
a222170	1.301724138	0	0	0	0.577586207	0	16.5902769	1.496509096	1.542696718	0.039100394	2.228394046	1.836811667	1.276511687	1.831007134	0.899833152	0.210848197	0.000878496	0.204465655	1.362705019	0.000000445
a222171	2.198125705	0	0	0	0.789951425	0	16.39137588	1.458014097	1.479122648	0.037143599	2.175819694	1.881159625	1.267282196	1.762522342	0.879300355	0.212581248	0.000715568	0.205888752	1.179045892	0.0000012
a224844	0.200596646	0	0	0	0.092583068	0	15.2126189	1.288393719	1.306071813	0.028420949	1.907598624	2.06930269	1.12514942	1.464494084	0.760240947	0.210837928	0.007328679	0.202087836	0.591857934	8.95E-09
a224845	0.112467866	0	0	0	0.032133676	0	15.15325064	1.238542313	1.211155397	0.024397665	1.880898003	2.136582896	1.12252855	1.405502561	0.754737637	0.215020066	0.002472267	0.208184536	0.452177997	0.000000449
SRR5578912	6.388763027	0	0	0	1.436986213	0	16.39810311	1.561182949	1.727530818	0.060827582	2.283062474	2.250896586	1.234503656	1.82138133	0.909336208	0.19184885	0.002640248	0.185671392	0.854300146	0.000000375
SRR5578920	1.603811959	0	0	0	1.173804405	0.098785519	16.11734722	1.42583107	1.659022912	0.049388784	2.280285734	2.356148096	1.14416908	1.785188085	0.805043863	0.192155528	0.010951807	0.173449366	0.63805569	0.000000343
SRR5578935	0	0	0	0	0.27100271	2.809174433	16.28534567	1.465082183	1.482921585	0.062625425	2.207657984	2.040455316	1.282975527	1.660899039	0.867739922	0.186816343	0.007597279	0.171032335	0.807554093	0.00000961
SRR5578939	0	0	0	0	0	4.091706889	15.30471154	1.551267943	1.913413568	0.081047083	2.207368953	2.275933081	1.158389859	1.936126981	0.840074872	0.184933782	0.040439246	0.176430631	0.788790741	0
SRR5578943	0	1.346888558	0.051803406	0	0	0.336722139	15.42680616	1.507908398	1.633598366	0.060264435	2.21958005	2.292602716	1.099200649	1.742456973	0.809324448	0.204804648	0.004961693	0.196572633	0.723582669	4.25E-08
SRR5578954	7.024822446	0	0	0	0	0.14766894	15.98116723	1.525936523	1.476646161	0.047069299	2.263209087	2.403883266	1.252021769	1.877742724	0.872998663	0.212237064	0.011753383	0.203602756	0.739920098	0.000000181
SRR5578955	3.20964592	0	0	0	0	0	14.29441143	1.374864814	1.705787257	0.065547056	2.029115488	2.151188072	1.017865512	1.783299293	0.727414572	0.151166609	0.110453428	0.132928302	0.584639491	4.63E-08
SRR5578958	0	0	0	0	0.613086612	0	16.1432106	1.402778376	1.607445943	0.078363353	2.206437127	2.430276051	1.198850563	1.937332642	0.823126746	0.191854958	0.007294756	0.188334015	1.021630812	0.00000124
SRR5578959	0.322734247	0	0	0	0.22750119	0	15.38087075	1.809407966	1.489766055	0.08899154	2.087785181	2.056980448	1.247047225	1.693574519	0.803504973	0.198233002	0.048578106	0.176714732	0.756452707	0.000000921
SRR5578964	3.293583191	0	0	0	0.709823964	1.663827371	16.16744551	1.446860275	1.425771789	0.075878454	2.203203792	1.885340949	1.153050367	1.571979817	0.746198574	0.163715711	0.016531743	0.135136221	0.562914302	0.000000917
SRR5578966	8.289066604	0	0	0	0.443640184	1.021539898	15.91814902	1.405457153	2.145841557	0.043996018	2.176786352	2.405666277	1.172598988	1.942782143	0.878599933	0.181271853	0.036422338	0.1733765	0.707241515	4.16E-08
SRR5578985	0	0	0	0	0	1.18358858	15.56502373	1.670790467	1.576555092	0.05678359	2.227276457	2.530938912	1.229126178	1.947270155	0.883060074	0.229205828	0.009604095	0.231719131	0.664719865	0.000000243
SRR5578988	4.305636419	0	0	0	0.166347833	0.634894231	15.26245576	1.633294958	1.928963899	0.08177371	2.261134783	2.222743675	1.097011433	1.741097146	0.794211888	0.187595519	0.037798842	0.176520419	0.59123198	0.000000122
SRR5578990	4.215618521	0	0	0	0	0	16.79492834	1.610451584	2.073135367	0.057297592	2.35160292	2.265716622	1.293888814	1.889420234	0.898644831	0.198538306	0.002800853	0.185254299	0.772742648	0.000000273
SRR5579002	0	0	0.078115611	0	0	0.048071145	15.36269382	1.332072421	1.508471245	0.048759553	2.08447284	2.487866201	1.221313933	1.623160779	0.8548762	0.221522334	0.003375574	0.208375237	0.47432269	0.000000133
SRR5579006	2.287043868	0	0	0	0.510754214	0.48237898	15.74068514	1.547103732	1.567209081	0.050275693	2.179118555	2.34135654	1.247814852	1.720647594	0.899622341	0.205199416	0.003857206	0.203900234	0.676969136	3.94E-08
SRR5579012	3.048003728	0	0	0	0	0	15.60509274	1.616801725	1.578070236	0.049781755	2.244903044	2.449082802	1.216665061	1.913316061	0.857955554	0.221469037	0.014453986	0.220138543	0.713665854	0.000000275
SRR5579021	1.111821086	0	0	1.099041534	0.208732694	0	14.34137071	1.267047972	1.358174457	0.064440494	1.943220631	2.158954992	1.061517971	1.314950785	0.745846657	0.163775546	0.020762443	0.139412471	0.429319453	0.000000846
SRR5579026	4.922526151	0	0	0	0	0.167813392	16.3360593	1.504792351	1.914534311	0.033718115	2.290449709	2.539858305	1.241400227	1.863843475	0.870400782	0.201403268	0.006760101	0.193866024	0.540629817	0.00000577
SRR5579045	5.424976258	0	0	0	0.611348528	0.219610636	15.85486999	1.378396069	1.572790515	0.039266325	2.093946893	2.196801741	1.227777439	1.629424766	0.834630087	0.185783032	0.017387691	0.176923759	0.533975521	0.000000103
SRR5579051	3.105814373	0	0	0	0	1.408450704	16.2954106	1.467912027	1.591854454	0.046741261	2.237009285	2.300120533	1.206830788	1.774621427	0.841832323	0.183505199	0.002251266	0.167746553	0.603339462	0
SRR5579057	4.873866149	0	0	0	0.64984882	0.573130556	16.51110845	1.487707774	1.74146339	0.033355086	2.26981749	2.391784581	1.372519026	1.976161678	0.963761993	0.211854347	0.001685399	0.208011695	0.879670525	0.000000525
SRR5579061	0	0	0	0	0	1.347720575	16.10927959	1.493342604	2.071974329	0.046136767	2.261718964	2.44943228	1.224983865	1.820066033	0.866457927	0.223620552	0.00227281	0.219154079	0.55287485	3.09E-08
SRR5579062	6.054527895	0	0	0	0.430874378	0.111433029	14.31986528	1.32558576	1.597470366	0.051747285	2.006884254	2.068502457	1.030573136	1.627387563	0.717654111	0.163037119	0.107788948	0.145608213	0.440295304	0.000000426
SRR5579063	9.219774378	0	0	0	0	0.023625303	15.99413625	1.453416646	1.573042747	0.041227451	2.178232288	2.239592927	1.235088408	1.607590754	0.855619323	0.195286182	0.013386931	0.183547236	0.459231035	0.000000429
SRR5579067	31.82738314	0	0	0	0.634891424	0.561280824	16.8720688	1.507102179	1.707123752	0.023120163	2.494653211	2.750181507	1.330228702	2.343711266	0.976165425	0.202316611	0.002861788	0.199057717	0.990809908	0.000000137
SRR5579068	4.12204579	0	0	0	0	2.040251108	16.44859599	1.583317539	1.70973891	0.054198545	2.393386513	2.198860234	1.227080754	1.795973491	0.813673254	0.183418644	0.008658771	0.164347621	0.591711163	2.19E-08
SRR5579069	0	0	0	0.188902007	0	0.082644628	15.87365681	1.356747176	1.967676101	0.03572958	2.165391919	2.707287404	1.265368223	1.848370024	0.897300036	0.213398725	0.019038422	0.212143907	0.554396437	0
SRR5579074	4.305159861	0	0	0	0	0.741645186	16.18770807	1.554487525	1.777620062	0.053390752	2.267650868	2.432032737	1.284785587	1.928471476	0.900571773	0.218438859	0.003668318	0.218581725	0.772767891	0.000000107
SRR5579075	6.00477499	0	0	0	1.441506374	2.846975089	15.6681402	1.717401703	1.564867711	0.070037601	2.194043505	2.210737103	1.243692779	1.722577265	0.86018607	0.188125439	0.04639839	0.16492807	0.679643012	0.000000325
SRR5579086	11.46464278	0	0	0	0	4.232649785	16.53015274	1.454033036	1.809398367	0.073419414	2.308721207	2.451140689	1.26648463	2.166409449	0.938216798	0.202095415	0.004210307	0.185626194	1.234358412	0.000000112
SRR5579094	2.337528898	0	0	0	0.123298228	0.205497046	15.60050734	1.382185157	1.672564594	0.050309724	2.202836974	2.09493166	1.157130038	1.757222923	0.800348161	0.196133432	0.052504707	0.168439815	0.676887846	0.000000229
SRR5579095	6.423942051	0	0	0	0	0.085779642	16.00440403	1.318462259	1.620453052	0.029987939	2.105776477	2.452026666	1.198431242	1.824175563	0.85760708	0.204125704	0.001497962	0.201007388	0.759579919	0.000000092
SRR5579098	0.848544045	0	0.079360234	0	0.238080703	0.146511202	15.34251961	1.444244543	1.372634529	0.070320805	2.246816651	2.033094129	1.179318904	1.501906366	0.812225364	0.173609335	0.00322115	0.156947937	0.642930027	0.000000608
SRR5579105	0	0	0	0	0	0.291016912	15.06653047	1.376047101	1.679012867	0.057470899	2.098470113	2.382624346	1.102722888	1.720755872	0.795937911	0.176432126	0.047531342	0.16552329	0.52230208	0.000000205
SRR5579109	2.615222235	0	0	0	0	0.25214026	16.10181751	1.474124466	1.780581002	0.044135259	2.279177778	2.310813454	1.199175694	1.746958926	0.830260951	0.208626082	0.001747989	0.195467965	0.546448606	0.000000062
SRR5579115	4.973544974	0	0	0	0	4.17989418	16.66437622	1.576971903	2.110967809	0.051158407	2.428506414	2.280408261	1.236172097	1.978618891	0.891412272	0.191400312	0.010849506	0.178272307	0.830395931	0
SRR6505416	0.450499349	0	0	0	0	0.719170647	15.22387694	1.187153758	1.055359231	0.288224583	1.769747619	1.197790781	1.088778478	0.962169995	0.630161322	0.132167369	0.039081574	0.081473335	0.453579718	0.000370957
SRR6505417	0.392278712	0	0	0	0.007767895	1.798267759	16.61781257	1.403713071	1.805159926	0.085157831	2.213503818	2.062616927	1.344430137	1.791354296	0.95507428	0.196768735	0.043115473	0.19294119	1.587593953	6.75E-16
SRR6505425	0.301878354	0	0	0	0	0.259950805	14.7330167	1.466000748	1.522082716	0.045628098	2.171056624	2.213372551	1.17586116	1.531050439	0.940162644	0.121172759	0.000180191	0.116665118	0.475469011	6.31E-16
SRR6505426	1.047336464	0	0	0	0.750623882	0.677919475	14.83264328	1.409157691	1.255590695	0.076264898	2.085776391	2.041842069	1.136529609	1.350310292	0.864910614	0.140311752	0.00192843	0.12621985	0.356633492	0.00000366
SRR6505427	0.099515264	0	0	0	0	0	14.25029538	1.213124487	1.080026109	0.210817972	1.741349313	1.329765543	0.988707645	0.986195107	0.597464242	0.115812432	0.074844331	0.068055278	0.161806187	0.000320861
SRR6505428	4.807572859	0	0.014907203	0	0	0.472061418	15.14660763	1.456401076	1.431437864	0.067290204	2.097355128	2.01364912	1.18675681	1.616247107	0.843001804	0.153523459	0.008530197	0.152136266	0.658016476	0
SRR6505429	0	0.05928451	0.022231691	0.192674658	0	1.752598329	15.0494585	1.374381249	1.573642475	0.043774436	2.088367012	2.287864963	1.117923279	1.684427606	0.824607102	0.165623184	0.007328795	0.161220975	0.584879446	0
SRR6505430	0.543640155	0	0	0	0.084400755	0.084400755	14.63290887	1.247925947	1.286146914	0.075860509	1.859794189	1.948034225	1.179227213	1.329861958	0.804338714	0.148740032	0.051984644	0.133221542	0.40716904	0.000000193
SRR6505431	0.572398633	0	0	0	0.167584391	3.251572464	15.14357655	1.274282064	1.429678546	0.172262004	1.935940208	1.633362888	1.133016959	1.397059728	0.737540655	0.161676512	0.074597659	0.130408697	0.869782403	0.000184498
SRR6505433	4.352319154	0	0.112953617	0.103340543	0	1.348233598	15.59553627	1.359244102	1.438721904	0.098629047	2.037701177	2.020750013	1.194535993	1.616521423	0.820225029	0.189419494	0.011781581	0.172076923	0.835298995	0.0000138
SRR6505447	0	0	0	0.596170273	0	4.516657175	15.736582	1.389832943	1.442882614	0.079099992	2.018912243	1.624605157	1.146066192	1.75138315	0.869120428	0.141068593	0.028606619	0.123413101	1.152478825	0.000016
SRR6505453	0.86282836	0	0	0	0.006776139	0.289115262	15.50486072	1.416364243	1.406633145	0.071950828	2.043148734	2.133331456	1.206581376	1.517409334	0.874626574	0.181369376	0.007118035	0.170173067	0.634332292	0.00000795
SRR6505456	1.57625897	0	0	0	0.009401147	0.040738303	15.60280766	1.403696132	1.307087339	0.163143168	1.988192272	1.828360029	1.176432866	1.300536715	0.81457752	0.144523348	0.005257646	0.121214471	0.646904422	0.000102687
SRR6505468	0.029707088	0	2.058701206	0.846652011	0	9.737983483	13.31478801	1.169420307	1.475233809	0.120813548	1.773669365	1.849698193	0.919275857	1.516088347	0.63414439	0.10516317	0.154871455	0.093781645	0.491566944	0.000026
SRR6505469	1.897668842	0	0	0	0	0.401208236	14.91275943	1.349526248	1.396233762	0.148936512	2.050757882	1.959160724	1.107093104	1.387956107	0.801062207	0.141792919	0.01732463	0.112131846	0.386948698	0.0000642
SRR6505470	0.622064238	0	0	0	0	0.142820871	14.6680802	1.294278436	1.373052754	0.160095484	1.945446622	1.851180239	1.089531006	1.350988635	0.750883993	0.135205194	0.031851347	0.10498391	0.362056723	0.00020154
SRR6505471	0	0	0.778774189	7.538264446	0	3.930955431	14.98859326	1.155445393	1.319529118	0.073893812	1.778112257	2.016495642	1.189589882	1.435481043	0.860747412	0.173729253	0.021250381	0.180377677	0.632233896	0
SRR6505474	1.742095618	0	0	0	0	0.013918207	15.51101792	1.173011279	1.491346623	0.038431615	1.853116818	2.212022948	1.259506262	1.698393136	0.814739414	0.193041487	0.018242828	0.18981052	0.478963494	0.000000148
SRR6505475	0.098215475	0	1.043747503	0.191436942	0	22.36815821	13.22512069	1.30764909	1.451116053	0.103661852	1.97939284	2.037915862	0.961118661	1.421524806	0.701998957	0.116874569	0.085689658	0.100824199	0.177881752	0.0000595
SRR6505476	2.762744094	0	0	0	0	1.832077818	13.68574287	1.306223245	1.734199823	0.08402791	1.910120048	1.804709604	0.948164432	1.690395309	0.682011796	0.118872351	0.183439746	0.100812197	0.624682798	0.000000796
SRR6505477	1.457376722	1.934296045	0	0	0	1.734655398	15.19215026	1.544717359	1.936438204	0.084646037	2.172522742	2.153695336	1.095094284	1.683016622	0.784320033	0.169263473	0.018470487	0.163033486	0.598409757	0.00000669
SRR6505478	1.326067784	0.940216707	0	0	0	1.927680484	15.02780139	1.536032955	1.893256012	0.089471299	2.105312285	2.116180334	1.073878778	1.64264963	0.7666725	0.163485966	0.034349574	0.155403062	0.559149757	0.0000124
SRR6505479	1.519079553	0.576350352	0	0	0	1.392668138	15.32069723	1.489647805	1.741215322	0.099244491	2.121577372	2.08858804	1.095391793	1.619053412	0.778022759	0.16681899	0.015081657	0.158257643	0.641314246	0.0000443
SRR6505502	0.097776114	0.430630968	0.555451538	0.108177828	0	5.714701783	15.68191952	1.385563203	1.904199073	0.114206841	2.19566104	2.261494469	1.083791594	2.164114414	0.864893144	0.128919505	0.072442407	0.119543043	1.206910927	0.000000294
SRR6505507	0.028296548	0	0	0	0	0.128277683	13.8278408	1.27775128	1.612954617	0.096742023	1.917434658	1.856549724	0.943434539	1.712289949	0.707370374	0.109923135	0.113765044	0.090237958	0.737422261	0.000000234
SRR6505512	0.264144856	0	0	0	0	0.036294713	15.40062718	1.257154932	1.353683896	0.067566051	1.929839999	1.856339629	1.218204118	1.344674975	0.803856013	0.16474483	0.036034657	0.150446803	0.454699528	0
SRR6505513	0.05979252	0	0	0.242159706	0	0.020927382	15.76019658	1.280350706	1.202675775	0.106229337	1.891132026	1.515461796	1.276513646	1.15421096	0.720629198	0.163796169	0.036938538	0.131186194	0.401085276	0.00000932
SRR6505514	0.042206625	0	0	0.090666083	0	0.054712292	14.65018252	1.199891906	1.130675148	0.1639606	1.78425361	1.535697558	1.1106643	1.060427481	0.673832308	0.156409265	0.039715673	0.11928331	0.392590224	0.0000512
SRR6505515	0.094765771	0	0	0.066336039	0	0.044224026	15.35903592	1.286884705	1.352812212	0.0964916	1.926086175	1.858464698	1.226838495	1.380447936	0.747488829	0.177418339	0.049192823	0.159787746	0.551222722	0.0000298
SRR6505522	0.87668679	0	0	0	0.219726563	0.031072443	15.93274703	1.566516425	1.148413347	0.056766543	1.859629227	1.328940287	1.281793894	1.212716878	0.918057482	0.154795334	0.007221979	0.124220733	0.669736998	0.00000158
SRR6505533	0	0	0.028976462	0.053495007	0	0.47253923	16.08570296	1.398409536	1.440577019	0.093482876	1.987800371	1.749007636	1.263458303	1.715291672	0.856695688	0.127572928	0.000602608	0.124958614	1.117692321	1.94E-15
SRR6505548	0.172920629	0.268026976	0.028820105	0.302611102	0	0.325667185	15.30528585	1.422751273	1.095352614	0.043674321	1.747176754	1.51231635	1.221801855	1.156233204	0.927803164	0.163551335	0.00112668	0.138762145	0.593951221	1.31E-15
SRR6505550	0.974367978	0	0	0	0	0.059252107	16.21085324	1.416487306	1.290596203	0.102704533	2.030620234	1.633648846	1.293187001	1.359725446	0.87686451	0.176376925	0.002741261	0.157400201	0.989596083	0.0000452
SRR6505551	0.702133978	0	0.059395019	0.014848755	0	0.772135251	16.03875839	1.393956972	1.420978696	0.061932442	2.089839859	1.913683636	1.270866427	1.515963777	0.887549875	0.191649669	0.004597804	0.180352369	1.016781078	0.00000283
SRR6505552	1.716545051	0	0	0	0	0	16.32108235	1.371446812	1.358452925	0.050553261	2.081228577	1.851021238	1.339878796	1.455797537	0.91894526	0.19501382	0.001896929	0.188008669	0.94283845	0.00000259
SRR6505553	0.061576355	0.129436011	0.025133206	0.064089675	0	2.819945712	15.415725	1.488765068	1.624422046	0.092592156	2.180332961	2.289160005	1.143571718	1.740952167	0.850070836	0.146581033	0.006209707	0.137214823	0.777672179	0.00000826
SRR6505554	0	4.10689853	0	0.481087523	0	1.074723044	14.44089524	1.329899854	1.498996012	0.160571048	1.887279401	1.626386329	1.062428398	1.314202394	0.679412988	0.131737548	0.068041255	0.105903248	0.469232788	0.000174535
SRR6505555	0	1.490580176	0	0.537893385	0	3.058766859	14.71660184	1.380686003	1.597709867	0.155626282	2.004050645	1.737511441	1.078006725	1.360098311	0.716376748	0.148109098	0.051669173	0.125068484	0.457111561	0.0000281
SRR6505556	0.613441588	3.748308525	0	0.090211998	0	0.886332882	14.95730503	1.308979427	0.968461353	0.291049754	1.793351312	1.134954016	1.093534869	0.85812972	0.637217189	0.153409164	0.0137593	0.081926865	0.350305408	0.000306603
SRR6505557	0	0.092091857	0	0	0	0.777882279	15.19620478	1.355793543	1.642319803	0.095649848	1.986058536	2.009729813	1.146939663	1.759648349	0.761843567	0.141785685	0.059534168	0.155742231	0.892044165	6.98E-15
SRR6505558	0	0	0	0	0	0.151292662	16.94768769	1.163071821	2.1292447	0.046255716	1.813195758	2.259530482	1.558453077	1.918038265	0.893329028	0.144360161	0.002413685	0.141202713	0.390951679	0
SRR6505559	0.619750664	4.833576607	0	0.689143596	0	4.060682922	14.94648798	1.36464255	1.463079131	0.116112755	1.933255356	1.780579871	1.155106628	1.354784907	0.737877394	0.150521303	0.01452783	0.126480518	0.539077822	0.0000196
SRR6505560	1.038547308	0	0.063714559	0.277158331	0	1.350748646	13.84384925	1.411981946	1.487317327	0.085935972	2.163441597	2.361554158	1.003427936	1.522188267	0.834646957	0.110024621	0.02737076	0.092516987	0.249745076	0.0000183
SRR6505561	0	0.096516627	1.215232079	0	0	5.628674213	14.03420855	1.434713482	1.44016186	0.056745553	1.94179267	2.097307955	1.094698199	1.499608649	0.850731113	0.138102962	0.04793365	0.130757122	0.359259055	0.000000854
SRR6505564	0.24834861	0	0.153617697	0	0	0.48645604	15.23962241	1.261683635	0.82718212	0.369059557	1.723457744	1.019850489	1.085393371	0.679126366	0.609555078	0.130314173	0.007061688	0.054518879	0.165057312	0.00022141
SRR6505565	0.428899985	2.22116321	0	0.244493712	0	2.15278785	15.33521158	1.289505271	1.059093392	0.278808023	1.769194109	1.25197194	1.141509568	0.96456472	0.666375333	0.135565961	0.010737447	0.079003295	0.378210111	0.000198057
SRR6505589	2.705822006	0	0	0	0	0.113276909	15.92036503	1.288417871	1.375627869	0.03630945	2.02589859	2.290318268	1.203648847	1.705558051	0.837368827	0.205808946	0.001137478	0.20129017	0.599770352	0.000000366
SRR6505590	1.684191963	0	0	0	0	0.379163636	15.78768058	1.32139614	1.360793774	0.077140096	2.020422899	2.134387454	1.212357497	1.598121858	0.82243664	0.199686044	0.002654799	0.18640068	0.509765013	0.0000777
SRR6505591	3.181005507	0	0	0.004290925	0	0.054351713	16.26757695	1.337693107	1.439625804	0.044076574	2.064766525	2.1630468	1.286501473	1.72796484	0.862034357	0.194745181	0.000568647	0.18773559	0.70045905	0.00000118
SRR6505592	6.055624427	0	0	0.010779928	0	0	16.4103968	1.365657845	1.614113566	0.0344433	2.221818594	2.281605521	1.258344325	1.84139658	0.872597626	0.200337688	0.001260411	0.193106946	0.766927962	0
SRR6505593	1.293900185	0	0	0	0	1.362908195	14.4182677	1.282213687	1.175559814	0.204048761	1.797175887	1.315087882	1.0334118	1.144519076	0.667103076	0.12560954	0.084999505	0.076722159	0.371641943	0.000307801
SRR6505594	1.751457788	0	0	0.454238148	0	0.040141976	15.92830497	1.526540892	1.284799102	0.072891582	2.099162995	2.047710247	1.232585091	1.576917783	0.841902558	0.183155024	0.004819024	0.169839508	0.5642285	0.0000013
SRR6505595	1.977249145	0.163329618	0	0.330502287	0	1.051074132	15.7253181	1.497131909	1.297162507	0.054384686	2.209738312	1.643829592	1.180087869	1.366955912	0.85298487	0.160553188	0.01942322	0.138885861	0.611287884	0.00000047
SRR6505596	1.9491645	0	0	0.03023523	0	1.39686763	14.66667652	1.408032791	1.337933981	0.067072955	1.945878168	1.654002061	1.092599023	1.378727082	0.793260997	0.135897469	0.068979075	0.107519406	0.490228495	0.00000298
SRR6505597	0	0	0.381898411	0.15829986	0	5.065595504	15.09164665	1.244094104	0.975041839	0.326302185	1.719202523	1.204637574	1.058634327	0.899444641	0.611775806	0.135034875	0.036136325	0.075463255	0.30663103	0.000464668
SRR6505598	0	0	1.677743931	1.601587741	0	11.99575372	13.60422292	1.159743837	1.449716852	0.095469412	1.80666696	2.000483019	0.946811699	1.507894188	0.670706224	0.123232867	0.114628117	0.117099334	0.517785144	0.00000721
SRR6505599	1.596172762	0	0.024590897	0.822677278	0	0.152016454	15.54247168	1.338853035	1.237968659	0.091201834	2.04325998	2.063457328	1.192909237	1.468047172	0.802397177	0.170893056	0.014432569	0.15288455	0.46436046	0.000144996
SRR6505600	1.383420625	0	0	0.252844501	0	0.1011378	15.1697356	1.282451348	1.131124424	0.101456859	1.896735602	1.719858207	1.202058666	1.267351496	0.803687493	0.16022173	0.028131398	0.134460573	0.406269351	0.0000181
SRR6505601	0.653139423	0	0	0.444134808	0	2.022555081	13.20188016	1.200659447	1.518608754	0.051671957	1.867999218	2.157992602	0.906198969	1.543596097	0.683989306	0.126373896	0.118430732	0.115830938	0.279848603	0
SRR6505603	0.288785497	0.027503381	0	2.083381082	0	0.158144439	13.29775853	1.394568469	1.565724505	0.066437952	2.138944982	2.412661796	0.968636154	1.556878608	0.82971125	0.086437097	0.050360381	0.074966445	0.212298377	0.0000023
SRR6505608	0	0	0	0	0	1.666191968	14.96461379	1.283447843	1.024494491	0.249131827	1.866480205	1.277919156	1.083023291	0.892951419	0.687628043	0.116680577	0.027597566	0.063943436	0.16556677	0.000240544
SRR6505628	0.246451942	0	0	0.011331124	0.099147333	0.260615847	14.36120129	1.401418735	1.364566379	0.121277823	2.118737978	2.081498675	1.074353663	1.360570794	0.832801615	0.119567608	0.006730133	0.085971185	0.293168624	0.000059
SRR6505629	4.429966053	0	0	0	0.02951905	0.122293209	15.85532983	1.431268048	1.609837787	0.045048501	2.123483144	2.034714166	1.217758901	1.726101272	0.84184661	0.185706945	0.004795154	0.180634108	0.703571889	0.00000121
SRR6505630	0.048279717	0.048279717	0	0	0	1.816841998	15.11781766	1.274810926	0.955842763	0.317761433	1.786745875	1.130041503	1.099177655	0.905922644	0.61964428	0.148725649	0.03090354	0.076576061	0.271891858	0.000141141
SRR6505631	0	0	0	0	0	0.325791855	15.40616815	1.346030901	1.598625252	0.104286923	2.183948343	2.321946394	1.093861089	1.960837808	0.818742658	0.147755481	0.005860346	0.145660714	1.104664309	0
SRR6505632	1.494368847	0	0	1.396198631	0.798996482	0	15.50399629	1.358170907	1.448391206	0.078861584	2.049148135	2.124350839	1.220013426	1.489856531	0.860336152	0.19519254	0.019136267	0.182689198	0.682365243	0.00000305
SRR6505633	0.220294644	0	0	0	0.033044197	3.073110285	14.97772406	1.346998334	1.416092754	0.137933917	2.022122529	1.841849577	1.106279728	1.547782096	0.695583851	0.181938259	0.038449635	0.14724983	0.598252348	0.00000265
SRR6505634	2.073238712	0	0	0.563869474	1.172762746	0.008575962	15.63890828	1.37220551	1.458197866	0.06968225	2.063442891	2.060420992	1.238599487	1.518950961	0.859105441	0.193044258	0.021679144	0.185103566	0.745514534	0.0000101
SRR6505635	2.386149314	0	0	0.71838776	0.091122931	0	14.2813364	1.27382583	1.463573534	0.077216356	1.924581766	1.862222153	1.085004095	1.425485581	0.735621347	0.144012913	0.08687361	0.129286709	0.670095217	1.48E-15
SRR6505636	3.169000427	0	0.05624297	0.079515923	0	0.288972499	15.36397075	1.379028687	1.430358974	0.081361283	2.022438094	2.032631798	1.178396883	1.560299173	0.80458645	0.180952789	0.012433769	0.164783962	0.750083403	0.00000744
SRR6505637	1.228978008	0	0	0.961005359	0.314174829	0	15.05961312	1.312967231	1.26653253	0.143752467	1.904631489	1.744890561	1.156309034	1.294797462	0.779151232	0.166692043	0.040939586	0.138019666	0.490457608	0.000237576
SRR6505639	0.043448434	0.702035216	0.086896867	0.018294077	0	0.381888863	13.11733733	1.269846139	1.246820063	0.124232194	1.677459213	1.459644701	0.935248355	1.182397123	0.618074854	0.093156825	0.086378729	0.06875118	0.379409231	0.0000088
SRR6505640	14.87669785	0	0	0	0	0	16.44701842	1.430899442	1.543750323	0.034246036	2.291824845	2.067317224	1.272440894	1.774327158	0.928978423	0.185977903	0.000826764	0.175762319	0.926981696	4.51E-09
SRR6505641	0	0	0	0.003979862	0.23083199	0	15.31313621	1.251869252	1.013478811	0.300869156	1.769732631	1.126489167	1.141060054	0.880579557	0.665595983	0.14410254	0.011162458	0.083615856	0.409313837	0.000350421
SRR6505642	0	1.666666667	0.083214456	0.126010461	0	11.31003329	15.97029666	1.437240633	1.770454633	0.094790261	2.161963428	2.168273898	1.208380731	1.840454515	0.847358866	0.195051055	0.022099745	0.19605268	1.16931382	0.00000495
SRR6505644	1.046652943	0	0	0	0.193457179	0.238101143	16.30291518	1.500082705	1.611541269	0.101218017	2.1579757	1.870408136	1.282280121	1.542248126	0.862513285	0.187167042	0.013501602	0.171505082	0.831334696	0.00000914
SRR6505645	0	0.699288859	0.040636641	0.074500508	0	7.753132408	15.67125412	1.427060256	1.581720536	0.130052615	2.088149614	1.982576241	1.183442129	1.615213457	0.806591443	0.187740234	0.028134856	0.175669455	0.947369388	0.00010344
SRR6505646	0.241810557	0	0	0	0.102013829	1.673782446	14.73221748	1.331163216	1.303552192	0.20956632	1.870247498	1.533868265	1.06011737	1.191427633	0.667863822	0.150999118	0.06473846	0.107700471	0.344584678	0.000175606
SRR6505658	0.555775056	0	0	0	0.848149611	2.091399974	14.17015424	1.35014219	1.640685473	0.1045008	1.90484998	1.863777793	1.014393346	1.553692423	0.690743263	0.146768454	0.110622837	0.127880598	0.51073389	0.0000286
SRR6505666	1.87168332	0	0	0.241430415	0	0.15298561	13.71300057	1.203769502	1.346773866	0.128417562	1.790498083	1.659255149	0.96177491	1.319233029	0.636957709	0.124567466	0.117346632	0.088916967	0.334981536	0.0000155
SRR6505669	0.411111903	0	0	0	0.133076685	0.34694993	15.19988609	1.331663397	1.103165565	0.122684605	1.884627489	1.610199091	1.230360159	1.150930067	0.7638623	0.1701169	0.010372423	0.143424885	0.322129341	0.0000899
SRR6505670	0.093223499	0	0	0	0	0.445777823	14.60700099	1.377254804	1.626225817	0.066769019	2.070872334	1.922563408	1.133076596	1.596377284	0.84278074	0.130578614	0.084001418	0.12088265	0.926216422	6E-16
SRR6505671	0.213014298	0.12839218	0	0	0.904581266	4.738838634	14.34289602	1.752766345	1.19328175	0.208495128	1.894414719	1.473701278	1.106081617	1.049858133	0.714248193	0.132401164	0.041042187	0.070774507	0.224982492	0.0000846
SRR6505672	0.3188929	0	0	0	0.442238267	3.709386282	14.45794837	1.341353912	1.417269985	0.141960941	1.990703079	1.777543915	1.069361945	1.332234357	0.705167105	0.146850607	0.068511773	0.11822968	0.367773526	0.000242932
SRR6505675	0.060146758	0	0	0	0	0.075183448	14.9703201	1.245837405	1.230295458	0.143295706	1.846768954	1.675052208	1.135334497	1.221435626	0.714114681	0.178471357	0.036843805	0.1370986	0.316937067	0.0000879
SRR6505676	6.528131254	0	0	1.183563539	0.113661634	0.024709051	15.49175059	1.359284499	1.554412413	0.054045916	2.133629053	2.106791171	1.16109699	1.685925753	0.82449086	0.169153335	0.043063229	0.158770863	0.775674652	0
SRR6505678	10.51397033	0.06439002	0	0	0	0.096585029	16.5713475	1.40457407	1.686434017	0.040376951	2.228608617	2.220394384	1.318842983	1.972958208	0.936828619	0.210059186	0.002910148	0.209148842	1.067176948	0
SRR6505679	3.769836577	0	0	0	0.418607951	0	16.18906096	1.344940477	1.399103676	0.053414877	2.079578899	2.061890006	1.3041069	1.59232275	0.884025839	0.203085967	0.000994956	0.19635834	0.919676734	9.92E-08
SRR6505680	0	0	0	0.0514952	0	0.193107	15.68690284	1.284384224	1.264727026	0.075303497	1.850937765	1.89090159	1.249395837	1.516408101	0.831600812	0.161690879	0.007798106	0.17037406	0.799416222	0
SRR6505690	2.167489764	0	0	0	0.464311342	0.742898147	15.86721759	1.461266071	1.584407089	0.098709957	2.143246649	1.779030055	1.220552124	1.709966722	0.807037444	0.198902586	0.032227534	0.180647416	1.084910441	0.0000672
SRR6505691	11.74068248	0	0	0	0	0.426548887	16.43574316	1.479165657	1.781002992	0.038906961	2.238372652	2.0850929	1.311083529	1.961564171	0.900098849	0.190119777	0.018082767	0.190696823	0.982715673	0
SRR6505692	6.675719718	0.171102662	0	0	0.016295492	2.072243346	16.04175304	1.443297669	1.593358094	0.173879493	2.120207302	1.809940794	1.167892108	1.627669734	0.772984629	0.168815622	0.022750261	0.141205617	0.792860755	0.000196976
SRR6505693	11.25380666	0.033063604	0	0	0	0.737840425	16.28933141	1.498947244	1.92305071	0.067098965	2.275637092	2.203741205	1.175665413	2.147275741	0.834301064	0.198566085	0.02832945	0.196425223	1.111426163	0.00000651
SRR6505696	3.661667056	0	0	0	0	0.267305938	15.3222638	1.38143424	1.402384475	0.096764989	2.006736903	1.95461	1.171154283	1.503930103	0.774578241	0.170920294	0.013598664	0.151671172	0.746058606	0.0000627
SRR6505697	6.38838396	0	0	0	0.44896082	0.109502639	16.53132762	1.530444109	1.556807937	0.043129966	2.246781075	1.924832406	1.294757194	1.833695698	0.915148444	0.196213942	0.004092324	0.185150621	1.17843213	0.000000549
SRR6505698	1.539022142	0	0	0	0	0	15.68458639	1.382851283	1.265831048	0.047603517	1.9764776	1.873584944	1.228826748	1.383291721	0.820079859	0.19743904	0.003434747	0.181653032	0.645085263	0.000000643
SRR6505699	0.387370552	0	0	0	0	0.058397571	16.09149304	1.490319096	1.495509612	0.050294381	2.143907547	2.022873356	1.280486596	1.628865258	0.888281194	0.214259052	0.006251797	0.20295541	0.934016976	0.0000112
SRR6505700	0.514379725	0	0.024990108	0	0.372769112	2.626043858	15.4706659	1.439132282	1.285176098	0.132951838	2.032348699	1.741191153	1.221767644	1.342031157	0.83517708	0.168501419	0.009406485	0.141399399	0.630008349	0.0000497
SRR6505701	0.454371736	0	0	0	0.363780486	3.170693731	15.42701497	1.494857578	1.435531833	0.05700648	2.134440687	2.015807594	1.254631663	1.532626474	0.906223189	0.178286987	0.011310031	0.166500514	0.686467514	0.00000495
SRR6505705	4.700030937	0	0	0	0	0.111848837	15.66116781	1.399672274	1.420019957	0.036185417	2.100010012	2.070512441	1.289404073	1.649510419	0.905102072	0.163909229	0.000523137	0.158527254	0.771683597	4.97E-16
SRR6505706	0.356827841	0	0	0	0	5.598321439	15.40533448	1.61662182	1.749023416	0.037232756	2.366569565	2.259046733	1.209371127	1.892027232	0.928101642	0.170709227	0.006068323	0.168139119	1.127552655	0.00000419
SRR6505707	0.178631095	0	0	0	0	8.562726502	15.14894159	1.598909172	1.710864925	0.040410905	2.3354403	2.310455728	1.187909466	1.84998281	0.910135496	0.165273756	0.01023319	0.162010469	0.976456102	0.00000177
SRR6505708	0	0	0	0	0.325517082	0	15.82234407	1.334410145	1.390749322	0.08184124	1.989507898	1.873793259	1.241427774	1.460715489	0.820682383	0.180778576	0.006265327	0.161345658	0.599768015	0
SRR6505709	0.836685039	0	0	0.044689409	0	0.377377228	15.24097094	1.313090287	1.119935772	0.046325449	1.848642029	1.798402321	1.233487619	1.199555004	0.77395588	0.176122599	0.006480916	0.160839595	0.338598878	0
SRR6505710	2.861118101	0	0	0	0	0.711949201	16.06533519	1.367399387	1.610017159	0.078666333	2.239687509	2.236884336	1.183632979	1.93689739	0.869658759	0.162348789	0.003401015	0.157987921	1.092307498	4.34E-09
SRR6505711	0.950994139	0	0	0	0	0.228310502	15.46415309	1.193836889	1.558500794	0.056182754	1.839707687	2.148115288	1.29050895	1.661680551	0.809519674	0.167269347	0.008858771	0.160107943	0.493157078	8.6E-16
SRR6505714	1.074950398	0	0	0	0	0.088838876	15.6619041	1.24029169	1.260825775	0.04024312	1.947579856	2.189916967	1.259496152	1.544218102	0.845334978	0.213312225	0.003871247	0.211637469	0.677427037	0
SRR6505715	0.373343616	0	0	0.012269509	0.706373133	0	15.83716889	1.334121509	1.249159231	0.039440754	1.899448971	1.783745907	1.316779107	1.312467678	0.829795507	0.186459684	0.002431235	0.174730919	0.722774779	0.00000118
SRR6505718	0	0	0.066736581	0.042902088	0	1.234626752	16.35345852	1.224895094	1.541256854	0.133557461	2.102674099	1.903949532	1.238161477	1.974997489	0.892756761	0.10851581	0.047647018	0.103120736	1.220515207	0
SRR6505729	0	0	0	0	0	0	15.49520883	1.393106413	1.117982783	0.055629278	1.837247416	1.723269201	1.229906253	1.278595841	0.763849606	0.15279782	0.022172067	0.123512227	0.449061258	6.67E-16
SRR6505730	0.116938951	0.345657782	0.240756664	0.077386071	0	3.883061049	15.56235968	1.355184609	1.806696571	0.137855593	2.14788033	2.095627544	1.075078228	2.032691228	0.836079094	0.124331185	0.076550658	0.10783538	1.137373363	0.0000394
SRR6505731	0.532109135	0	0	0	0.031300537	0	15.72621521	1.556545987	1.375852066	0.046627466	2.078320531	1.690992052	1.301070905	1.464245434	0.96017168	0.160411751	0.002316452	0.150199688	0.87885217	4.73E-15
SRR6505732	0	0.03869969	0	0.116099071	0	4.674369748	14.63052464	1.312363698	1.135159312	0.246436882	1.886124534	1.527568741	1.060493988	0.992324562	0.707851101	0.121397269	0.008257958	0.073718317	0.204110371	0.000312762
SRR6505733	0.071942446	0.1336074	0	0	0.043679342	7.291880781	14.13266221	1.498055019	1.546943548	0.061965819	2.098954806	2.24573981	1.041068425	1.499751603	0.872944458	0.122077968	0.00990609	0.106802169	0.329214961	0.0000336
SRR6505734	0.015511391	0.036839554	0	0	0	1.289384392	14.34046463	1.557950286	1.339293845	0.036283008	1.952925517	1.850830574	1.088366257	1.347088354	0.843166009	0.150719513	0.0072739	0.140337255	0.376002283	0.000000263
SRR9008967	0.905435994	0	0	0	0.239872969	0.097976283	15.03163218	1.383690617	1.38374795	0.129715318	1.936707228	1.853980762	1.148201444	1.296543125	0.770537463	0.169326297	0.018418991	0.148071214	0.416209119	0.000139309
SRR9008969	0.419232281	0	0	0	0	0.694353465	14.95325315	1.260953325	1.03793638	0.229700939	1.835238822	1.27364168	1.037293675	0.849975613	0.606157905	0.127455845	0.008194798	0.100133993	0.328035467	0.000366345
SRR9008976	0.739781764	0	0	0	0	0	14.62617234	1.261423255	1.043741447	0.163867428	1.843158056	1.398256729	1.058189584	0.835692417	0.645499917	0.127346741	0.021116621	0.084475257	0.165873187	0.000188135
SRR9008978	0	0	0	0	0	0.434458244	14.36033861	1.135829703	1.07652506	0.271211989	1.703441352	1.339785973	1.076503899	0.814361089	0.624142889	0.119302439	0.011315755	0.059956708	0.181911466	0.0000045
SRR9008979	0.043114885	0	0	0	0.056381003	0.066330592	13.94920719	1.100407135	1.115883528	0.245820764	1.674132901	1.408396793	1.052012696	0.860444612	0.609831706	0.113100867	0.038314193	0.058667218	0.118838229	0.00000916
SRR9008980	0.134242897	0	0	0	0	0.035615463	15.55907586	1.231586291	1.123615507	0.106994172	1.883235548	1.37034135	1.232748944	1.102318893	0.73737453	0.11164729	0.036776649	0.087261148	0.336745057	0.0000143
SRR9008981	0.716284949	0	0	0	0.984139405	0.159508833	15.48667274	1.367583704	1.283074261	0.076393801	2.09349126	2.052828228	1.190904623	1.411473687	0.802314908	0.195612658	0.004894164	0.182093672	0.471685177	0.0000221
CSM5FZ4G	11.44817597	0	0	0	0.017172637	0.065704003	15.71747102	1.133412643	1.311921779	0.021974485	1.958714332	2.477121322	1.078601479	1.713744118	0.764249372	0.210982037	0.000318037	0.210149311	0.703663169	5.05E-09
CSM5FZ4O	8.062681663	0	0.022115506	0	0	0.491280172	17.317706	1.349179376	1.877863468	0.082426271	2.289175155	2.300115705	1.241440059	2.263823995	0.917417605	0.167803741	0.004459084	0.164709252	1.672808845	9.92E-08
CSM5MCUI	0.42766402	0	0	0	0.010282632	0.044869668	15.02332473	1.095021249	1.088346862	0.039971232	1.801918109	2.249079239	1.061862239	1.382394154	0.716257879	0.211164064	0.000547255	0.206693096	0.394847694	8.25E-08
MSM5LLFK	3.095055189	0	0.031536813	0	0.004851817	1.421582501	16.30958804	1.296958546	1.59179073	0.071983118	2.172244725	2.366752538	1.231134048	1.9782757	0.880490478	0.187737058	0.003344072	0.186617607	1.131755267	3.21E-16
MSM5LLFS	5.76101819	0	0.008100419	0	0	0.404048914	15.90790096	1.281648648	1.468848317	0.048388281	2.044863108	2.408483376	1.219361748	1.770333717	0.823890829	0.189241903	0.001227789	0.18986658	0.779747084	5.29E-09
MSM5LLFU	6.072842595	0	0	0	0	0.245566346	17.07524171	1.406774032	1.728601871	0.066253832	2.313270676	2.363400962	1.284403545	2.230256173	0.947609996	0.196937296	0.00120667	0.198197697	1.48565038	9.06E-58
MSM5LLIQ	0.175489374	0	3.126934871	0	0	16.54582691	15.87249976	1.411866059	1.838379467	0.05231619	2.217087641	2.370815136	1.267848209	1.838460964	0.892648309	0.213381367	0.003342737	0.210458753	0.737662163	1.52E-08
SRR10735852	2.704722416	0	0	0	0	0	15.24871912	1.217133505	1.42278208	0.129593252	1.972884128	1.945014222	1.067798054	1.433673396	0.720079535	0.188596509	0.016406481	0.149767207	0.735590477	0.0000358
SRR10735854	0	0	0	0	0	0	15.66158092	1.223797209	1.278133964	0.039740036	1.898584366	2.189294299	1.175565432	1.612145646	0.811090778	0.220959321	0.00450944	0.220626338	0.555069499	0
SRR10735856	0	0	0	0	0	0	13.50256984	1.131272669	1.4377608	0.076019777	1.744779206	2.031563591	0.984207209	1.460014265	0.656579579	0.156334283	0.082337917	0.143439976	0.214115864	0
SRR10735860	14.46787641	0	0	0	0	0	16.90861033	1.358145666	1.803942228	0.100520454	2.320277467	2.596157564	1.18705571	2.311969456	0.906129052	0.185360649	0.001652859	0.177354784	1.428468346	0.00000133
SRR10735861	0.212415356	0	0	0.646257628	0	2.085532583	14.97378642	1.511763075	1.6224131	0.128814745	2.067017175	2.012869847	1.128286644	1.189100446	1.003745514	0.113030642	0.042383604	0.138697026	0.27780871	0.000154544
SRR10735862	0.04265605	0	0	0.063984075	0	2.541589649	15.13408915	1.427008614	1.717322675	0.096309025	2.168173812	1.742698028	1.063463601	1.655911206	0.737524777	0.137037004	0.089879212	0.127375751	0.75600338	0.000593249
SRR10735863	0.409287096	0	0	0	0	0	14.4763198	1.287978269	1.207663178	0.061502997	1.912378493	2.460934702	1.026148819	1.974034433	0.675551542	0.184075389	0.002944156	0.178552382	1.077205398	0.0000131
SRR10735864	0	0	0	0	0	0	15.48133515	1.111562537	1.126819773	0.029068146	1.71797008	2.474775595	1.098295945	1.526831733	0.742660924	0.242366692	0.000069	0.242569548	0.250074413	0
SRR10735865	0	0	0	0	0	0	14.633981	0.966126328	1.006336128	0.004647178	1.664627036	2.390533498	0.998116338	1.304534433	0.657501909	0.223375655	0.0000468	0.22398511	0.225843842	0
SRR10735866	0	0	0	0	0	0	15.83792998	1.220878874	1.2290912	0.042365037	1.77789952	2.441203395	1.17764034	1.607864346	0.802954408	0.245793057	0.001712161	0.246002634	0.256129719	0
SRR10735873	1.091076146	0	0	0	0	3.128517285	15.1174155	1.345764476	1.673147631	0.075608466	1.930589429	2.487647323	1.142199613	1.784366281	0.780281769	0.193252891	0.079318696	0.186599818	0.309178367	0.000100935
SRR10735874	6.636134785	0	0	0	0	8.4468169	14.96667195	1.169816998	1.393267889	0.044319181	1.970756225	2.38710237	1.007254419	1.626069631	0.682786607	0.196439087	0.031608925	0.183104461	0.501966063	0.0000294
